1 0 0 0
1 1 1002 0
1 2 1007 0
1 3 1008 0
1 4 1008 0
1 5 1006 0
1 6 1008 0
1 7 999 0
1 8 1005 0
1 9 999 0
1 10 1005 0
1 11 1001 0
1 12 1006 0
1 13 1001 0
1 14 1010 0
1 15 1007 0
1 16 999 0
1 17 1006 0
1 18 1003 0
1 19 1002 0
1 20 1005 0
1 21 1009 0
1 22 1002 0
1 23 1002 0
1 24 1006 0
1 25 1005 0
1 26 1006 0
1 27 997 0
1 28 1004 0
1 29 1001 0
1 30 992 0
1 31 1007 0
1 32 1001 0
1 33 1011 0
1 34 1004 0
1 35 1000 0
1 36 1008 0
1 37 998 0
1 38 1000 0
1 39 1006 0
1 40 1003 0
1 41 998 0
1 42 1013 0
1 43 1005 0
1 44 1002 0
1 45 1007 0
1 46 996 0
1 47 1005 0
1 48 1008 0
1 49 1010 0
1 50 1002 0
11 0 0 0
11 1 1003 0
11 2 1002 0
11 3 1005 0
11 4 1003 0
11 5 1006 0
11 6 1003 0
11 7 1007 0
11 8 1003 0
11 9 1007 0
11 10 1004 0
11 11 1006 0
11 12 998 0
11 13 1010 0
11 14 1005 0
11 15 1005 0
11 16 1000 0
11 17 1006 0
11 18 1010 0
11 19 1001 0
11 20 1000 0
11 21 1012 0
11 22 1001 0
11 23 1001 0
11 24 1005 0
11 25 1005 0
11 26 998 0
11 27 1003 0
11 28 1004 0
11 29 1010 0
11 30 1006 0
11 31 1005 0
11 32 1005 0
11 33 1006 0
11 34 1001 0
11 35 1005 0
11 36 1006 0
11 37 1004 0
11 38 999 0
11 39 997 0
11 40 1008 0
11 41 993 0
11 42 1001 0
11 43 1003 0
11 44 998 0
11 45 993 0
11 46 1004 0
11 47 1002 0
11 48 1001 0
11 49 1005 0
11 50 999 0
21 0 0 0
21 1 1005 0
21 2 999 0
21 3 1003 0
21 4 1008 0
21 5 1008 0
21 6 1007 0
21 7 1009 0
21 8 1005 0
21 9 1000 0
21 10 1000 0
21 11 1006 0
21 12 1000 0
21 13 1006 0
21 14 997 0
21 15 1004 0
21 16 1006 0
21 17 1002 0
21 18 1006 0
21 19 1005 0
21 20 1013 0
21 21 1002 0
21 22 1003 0
21 23 1009 0
21 24 1008 0
21 25 1007 0
21 26 1002 0
21 27 1004 0
21 28 998 0
21 29 993 0
21 30 1001 0
21 31 1003 0
21 32 1007 0
21 33 1006 0
21 34 1006 0
21 35 1001 0
21 36 1006 0
21 37 1004 0
21 38 1004 0
21 39 1001 0
21 40 1001 0
21 41 1005 0
21 42 1000 0
21 43 1005 0
21 44 1005 0
21 45 1007 0
21 46 1011 0
21 47 1003 0
21 48 1010 0
21 49 1000 0
21 50 1000 0
31 0 0 0
31 1 1011 0
31 2 1005 0
31 3 1006 0
31 4 1005 0
31 5 997 0
31 6 1003 0
31 7 1001 0
31 8 1007 0
31 9 1007 0
31 10 1009 0
31 11 1003 0
31 12 1001 0
31 13 1001 0
31 14 998 0
31 15 1004 0
31 16 1002 0
31 17 999 0
31 18 1010 0
31 19 1000 0
31 20 1006 0
31 21 1007 0
31 22 1004 0
31 23 1002 0
31 24 997 0
31 25 1004 0
31 26 995 0
31 27 1003 0
31 28 1002 0
31 29 1007 0
31 30 992 0
31 31 1012 0
31 32 999 0
31 33 996 0
31 34 1009 0
31 35 1005 0
31 36 1001 0
31 37 1004 0
31 38 999 0
31 39 1003 0
31 40 1002 0
31 41 1010 0
31 42 1006 0
31 43 996 0
31 44 996 0
31 45 1004 0
31 46 1009 0
31 47 996 0
31 48 999 0
31 49 1008 0
31 50 1007 0
41 0 0 0
41 1 1005 0
41 2 1011 0
41 3 1001 0
41 4 1008 0
41 5 1008 0
41 6 1011 0
41 7 1001 0
41 8 1004 0
41 9 1008 0
41 10 1004 0
41 11 1006 0
41 12 1002 0
41 13 1003 0
41 14 1002 0
41 15 1004 0
41 16 1004 0
41 17 1010 0
41 18 1006 0
41 19 1005 0
41 20 999 0
41 21 1005 0
41 22 994 0
41 23 999 0
41 24 1008 0
41 25 1004 0
41 26 1008 0
41 27 1001 0
41 28 1010 0
41 29 1002 0
41 30 1004 0
41 31 1002 0
41 32 1011 0
41 33 1005 0
41 34 1005 0
41 35 1002 0
41 36 998 0
41 37 1004 0
41 38 998 0
41 39 1003 0
41 40 1009 0
41 41 999 0
41 42 1003 0
41 43 1006 0
41 44 996 0
41 45 1006 0
41 46 999 0
41 47 999 0
41 48 1007 0
41 49 1008 0
41 50 1003 0
51 0 0 0
51 1 1002 0
51 2 1007 0
51 3 998 0
51 4 1004 0
51 5 1001 0
51 6 995 0
51 7 1001 0
51 8 1008 0
51 9 1001 0
51 10 1009 0
51 11 1011 0
51 12 1008 0
51 13 1003 0
51 14 999 0
51 15 1003 0
51 16 1005 0
51 17 1000 0
51 18 1004 0
51 19 998 0
51 20 993 0
51 21 1009 0
51 22 1004 0
51 23 990 0
51 24 1002 0
51 25 995 0
51 26 1007 0
51 27 1006 0
51 28 1006 0
51 29 1005 0
51 30 998 0
51 31 1011 0
51 32 999 0
51 33 1008 0
51 34 1007 0
51 35 1002 0
51 36 1003 0
51 37 1006 0
51 38 1014 0
51 39 1007 0
51 40 1003 0
51 41 998 0
51 42 1002 0
51 43 998 0
51 44 1006 0
51 45 1001 0
51 46 1013 0
51 47 1003 0
51 48 1006 0
51 49 1003 0
51 50 1004 0
61 0 0 0
61 1 1006 0
61 2 987 0
61 3 1000 0
61 4 1005 0
61 5 1008 0
61 6 1000 0
61 7 1000 0
61 8 992 0
61 9 1000 0
61 10 996 0
61 11 1004 0
61 12 1004 0
61 13 1004 0
61 14 1004 0
61 15 998 0
61 16 1006 0
61 17 1001 0
61 18 1000 0
61 19 1002 0
61 20 999 0
61 21 999 0
61 22 1002 0
61 23 1003 0
61 24 996 0
61 25 1006 0
61 26 1007 0
61 27 1010 0
61 28 1003 0
61 29 1006 0
61 30 1004 0
61 31 1005 0
61 32 998 0
61 33 1003 0
61 34 1007 0
61 35 1009 0
61 36 1005 0
61 37 997 0
61 38 1002 0
61 39 1004 0
61 40 1001 0
61 41 1004 0
61 42 1002 0
61 43 1010 0
61 44 1003 0
61 45 1001 0
61 46 1006 0
61 47 999 0
61 48 1006 0
61 49 1000 0
61 50 1007 0
71 0 0 0
71 1 1008 0
71 2 1001 0
71 3 1000 0
71 4 1008 0
71 5 1000 0
71 6 1002 0
71 7 1004 0
71 8 1006 0
71 9 1009 0
71 10 1003 0
71 11 1007 0
71 12 1005 0
71 13 997 0
71 14 999 0
71 15 1004 0
71 16 1007 0
71 17 1003 0
71 18 1002 0
71 19 1006 0
71 20 1000 0
71 21 1006 0
71 22 1011 0
71 23 1009 0
71 24 1000 0
71 25 1004 0
71 26 1000 0
71 27 1002 0
71 28 994 0
71 29 1005 0
71 30 1010 0
71 31 1005 0
71 32 1001 0
71 33 1007 0
71 34 1004 0
71 35 1001 0
71 36 1003 0
71 37 1007 0
71 38 1000 0
71 39 1004 0
71 40 998 0
71 41 1003 0
71 42 1004 0
71 43 1005 0
71 44 1005 0
71 45 1003 0
71 46 1007 0
71 47 1006 0
71 48 999 0
71 49 1011 0
71 50 1001 0
81 0 0 0
81 1 996 0
81 2 1005 0
81 3 1001 0
81 4 1003 0
81 5 1009 0
81 6 1007 0
81 7 1003 0
81 8 1008 0
81 9 1003 0
81 10 1002 0
81 11 1009 0
81 12 1006 0
81 13 1005 0
81 14 1004 0
81 15 1004 0
81 16 1004 0
81 17 1010 0
81 18 1004 0
81 19 1005 0
81 20 998 0
81 21 1005 0
81 22 1005 0
81 23 1005 0
81 24 1008 0
81 25 1007 0
81 26 1010 0
81 27 1009 0
81 28 1000 0
81 29 1003 0
81 30 1008 0
81 31 997 0
81 32 1000 0
81 33 1003 0
81 34 1007 0
81 35 1007 0
81 36 1004 0
81 37 1000 0
81 38 1003 0
81 39 1004 0
81 40 1005 0
81 41 1002 0
81 42 1002 0
81 43 1003 0
81 44 998 0
81 45 995 0
81 46 1008 0
81 47 1012 0
81 48 997 0
81 49 1004 0
81 50 1010 0
91 0 0 0
91 1 1007 0
91 2 1000 0
91 3 1004 0
91 4 1004 0
91 5 1000 0
91 6 1012 0
91 7 1016 0
91 8 1006 0
91 9 1009 0
91 10 1005 0
91 11 1002 0
91 12 1001 0
91 13 1001 0
91 14 1005 0
91 15 999 0
91 16 1004 0
91 17 996 0
91 18 1004 0
91 19 1006 0
91 20 1004 0
91 21 1002 0
91 22 1003 0
91 23 1007 0
91 24 1001 0
91 25 1003 0
91 26 1001 0
91 27 1002 0
91 28 1006 0
91 29 1012 0
91 30 1012 0
91 31 1005 0
91 32 1002 0
91 33 1002 0
91 34 1009 0
91 35 998 0
91 36 1002 0
91 37 1008 0
91 38 996 0
91 39 1004 0
91 40 1002 0
91 41 1007 0
91 42 1004 0
91 43 1005 0
91 44 1005 0
91 45 1004 0
91 46 1003 0
91 47 1005 0
91 48 1008 0
91 49 1004 0
91 50 1005 0
101 0 0 0
101 1 1006 0
101 2 1008 0
101 3 1004 0
101 4 1006 0
101 5 1001 0
101 6 1005 0
101 7 1003 0
101 8 1009 0
101 9 1009 0
101 10 1008 0
101 11 1005 0
101 12 1014 0
101 13 1005 0
101 14 998 0
101 15 1002 0
101 16 998 0
101 17 1005 0
101 18 1001 0
101 19 1003 0
101 20 1007 0
101 21 1009 0
101 22 1010 0
101 23 1005 0
101 24 1008 0
101 25 1005 0
101 26 1006 0
101 27 1010 0
101 28 1010 0
101 29 1002 0
101 30 1001 0
101 31 1004 0
101 32 1007 0
101 33 1003 0
101 34 1010 0
101 35 1005 0
101 36 1009 0
101 37 1003 0
101 38 1003 0
101 39 1001 0
101 40 1009 0
101 41 1006 0
101 42 1008 0
101 43 999 0
101 44 1006 0
101 45 1003 0
101 46 1002 0
101 47 1004 0
101 48 996 0
101 49 999 0
101 50 1004 0
111 0 0 0
111 1 1004 0
111 2 1005 0
111 3 1011 0
111 4 1006 0
111 5 1006 0
111 6 1001 0
111 7 1006 0
111 8 1000 0
111 9 1007 0
111 10 1004 0
111 11 1002 0
111 12 1004 0
111 13 997 0
111 14 1006 0
111 15 1005 0
111 16 1009 0
111 17 997 0
111 18 1011 0
111 19 999 0
111 20 1012 0
111 21 1006 0
111 22 1007 0
111 23 1002 0
111 24 998 0
111 25 1004 0
111 26 1000 0
111 27 998 0
111 28 1004 0
111 29 1008 0
111 30 1010 0
111 31 1000 0
111 32 1003 0
111 33 1003 0
111 34 1005 0
111 35 995 0
111 36 999 0
111 37 1002 0
111 38 1008 0
111 39 989 0
111 40 1004 0
111 41 1002 0
111 42 1011 0
111 43 1006 0
111 44 1010 0
111 45 992 0
111 46 1005 0
111 47 1000 0
111 48 1006 0
111 49 1001 0
111 50 1009 0
121 0 0 0
121 1 1000 0
121 2 997 0
121 3 1004 0
121 4 1011 0
121 5 1007 0
121 6 1011 0
121 7 1006 0
121 8 1002 0
121 9 1006 0
121 10 1005 0
121 11 1005 0
121 12 1003 0
121 13 996 0
121 14 1008 0
121 15 1008 0
121 16 1006 0
121 17 1008 0
121 18 1005 0
121 19 1004 0
121 20 1003 0
121 21 1003 0
121 22 1004 0
121 23 1007 0
121 24 1001 0
121 25 1004 0
121 26 1004 0
121 27 1002 0
121 28 999 0
121 29 1001 0
121 30 991 0
121 31 1002 0
121 32 1003 0
121 33 999 0
121 34 1001 0
121 35 1008 0
121 36 1004 0
121 37 1007 0
121 38 1006 0
121 39 1003 0
121 40 995 0
121 41 1004 0
121 42 1002 0
121 43 1006 0
121 44 1007 0
121 45 994 0
121 46 1005 0
121 47 1002 0
121 48 1009 0
121 49 1005 0
121 50 1010 0
131 0 0 0
131 1 1004 0
131 2 1007 0
131 3 1010 0
131 4 1005 0
131 5 1002 0
131 6 1000 0
131 7 995 0
131 8 1005 0
131 9 1004 0
131 10 1003 0
131 11 1003 0
131 12 1006 0
131 13 1004 0
131 14 1004 0
131 15 997 0
131 16 1009 0
131 17 1004 0
131 18 1010 0
131 19 1011 0
131 20 1007 0
131 21 998 0
131 22 1006 0
131 23 1007 0
131 24 1006 0
131 25 1008 0
131 26 1006 0
131 27 1007 0
131 28 1007 0
131 29 1004 0
131 30 1006 0
131 31 1006 0
131 32 997 0
131 33 1004 0
131 34 1011 0
131 35 1002 0
131 36 1004 0
131 37 1002 0
131 38 1001 0
131 39 1001 0
131 40 999 0
131 41 1003 0
131 42 1007 0
131 43 1001 0
131 44 1007 0
131 45 1005 0
131 46 1004 0
131 47 1003 0
131 48 1005 0
131 49 1008 0
131 50 1004 0
141 0 0 0
141 1 1001 0
141 2 1007 0
141 3 1004 0
141 4 1002 0
141 5 1003 0
141 6 1008 0
141 7 1004 0
141 8 1007 0
141 9 1005 0
141 10 1009 0
141 11 999 0
141 12 1002 0
141 13 999 0
141 14 1006 0
141 15 1006 0
141 16 1004 0
141 17 1003 0
141 18 1003 0
141 19 1005 0
141 20 1007 0
141 21 1008 0
141 22 1006 0
141 23 1002 0
141 24 1001 0
141 25 994 0
141 26 1008 0
141 27 1003 0
141 28 1002 0
141 29 1001 0
141 30 1000 0
141 31 1013 0
141 32 997 0
141 33 1007 0
141 34 1000 0
141 35 1005 0
141 36 1001 0
141 37 1007 0
141 38 1000 0
141 39 1002 0
141 40 1003 0
141 41 1008 0
141 42 1003 0
141 43 1003 0
141 44 1009 0
141 45 1007 0
141 46 1009 0
141 47 1004 0
141 48 1007 0
141 49 1004 0
141 50 1004 0
151 0 0 0
151 1 1004 0
151 2 1006 0
151 3 1006 0
151 4 1004 0
151 5 1010 0
151 6 1002 0
151 7 1005 0
151 8 1007 0
151 9 1000 0
151 10 1011 0
151 11 1005 0
151 12 1009 0
151 13 1000 0
151 14 1001 0
151 15 1001 0
151 16 1002 0
151 17 1003 0
151 18 1003 0
151 19 994 0
151 20 1005 0
151 21 1008 0
151 22 1009 0
151 23 1001 0
151 24 1009 0
151 25 1007 0
151 26 1005 0
151 27 1007 0
151 28 1012 0
151 29 1009 0
151 30 1000 0
151 31 1000 0
151 32 1009 0
151 33 1010 0
151 34 1003 0
151 35 1006 0
151 36 1008 0
151 37 1006 0
151 38 1011 0
151 39 1007 0
151 40 1007 0
151 41 1005 0
151 42 1008 0
151 43 1003 0
151 44 1005 0
151 45 1011 0
151 46 1006 0
151 47 1000 0
151 48 997 0
151 49 1000 0
151 50 1007 0
161 0 0 0
161 1 1012 0
161 2 1003 0
161 3 1005 0
161 4 1002 0
161 5 998 0
161 6 1003 0
161 7 1007 0
161 8 999 0
161 9 1005 0
161 10 1000 0
161 11 996 0
161 12 999 0
161 13 1000 0
161 14 1007 0
161 15 1006 0
161 16 1007 0
161 17 1005 0
161 18 1005 0
161 19 1004 0
161 20 1005 0
161 21 996 0
161 22 1011 0
161 23 1009 0
161 24 1009 0
161 25 996 0
161 26 1006 0
161 27 999 0
161 28 1004 0
161 29 1001 0
161 30 1001 0
161 31 997 0
161 32 1003 0
161 33 1002 0
161 34 1006 0
161 35 1005 0
161 36 1007 0
161 37 1010 0
161 38 999 0
161 39 1008 0
161 40 1002 0
161 41 1001 0
161 42 997 0
161 43 1002 0
161 44 1002 0
161 45 992 0
161 46 996 0
161 47 1002 0
161 48 996 0
161 49 1004 0
161 50 1007 0
171 0 0 0
171 1 994 0
171 2 1006 0
171 3 1005 0
171 4 1007 0
171 5 1008 0
171 6 999 0
171 7 1012 0
171 8 998 0
171 9 1010 0
171 10 1007 0
171 11 1005 0
171 12 1005 0
171 13 1003 0
171 14 1005 0
171 15 1006 0
171 16 993 0
171 17 1005 0
171 18 1004 0
171 19 1006 0
171 20 1008 0
171 21 1001 0
171 22 1008 0
171 23 1007 0
171 24 1003 0
171 25 1010 0
171 26 1005 0
171 27 1012 0
171 28 1009 0
171 29 1001 0
171 30 1007 0
171 31 1011 0
171 32 1001 0
171 33 1007 0
171 34 1014 0
171 35 998 0
171 36 1008 0
171 37 1003 0
171 38 1000 0
171 39 1009 0
171 40 1007 0
171 41 1010 0
171 42 1002 0
171 43 1008 0
171 44 1005 0
171 45 998 0
171 46 1006 0
171 47 1011 0
171 48 996 0
171 49 999 0
171 50 989 0
181 0 0 0
181 1 1007 0
181 2 1010 0
181 3 1003 0
181 4 1010 0
181 5 1004 0
181 6 1006 0
181 7 1000 0
181 8 1006 0
181 9 1003 0
181 10 1009 0
181 11 1008 0
181 12 1002 0
181 13 1010 0
181 14 1007 0
181 15 1008 0
181 16 1010 0
181 17 1004 0
181 18 1005 0
181 19 1003 0
181 20 1001 0
181 21 1001 0
181 22 1000 0
181 23 1010 0
181 24 1002 0
181 25 1000 0
181 26 995 0
181 27 995 0
181 28 1006 0
181 29 1005 0
181 30 1008 0
181 31 1000 0
181 32 1007 0
181 33 1007 0
181 34 1010 0
181 35 1002 0
181 36 1009 0
181 37 1002 0
181 38 1008 0
181 39 1006 0
181 40 1003 0
181 41 1004 0
181 42 1001 0
181 43 1013 0
181 44 1003 0
181 45 1011 0
181 46 1004 0
181 47 1004 0
181 48 1010 0
181 49 1007 0
181 50 1004 0
191 0 0 0
191 1 997 0
191 2 1004 0
191 3 1005 0
191 4 1007 0
191 5 1006 0
191 6 1007 0
191 7 1012 0
191 8 1007 0
191 9 1002 0
191 10 1008 0
191 11 1009 0
191 12 1005 0
191 13 1000 0
191 14 1005 0
191 15 1006 0
191 16 999 0
191 17 999 0
191 18 1005 0
191 19 1008 0
191 20 998 0
191 21 1008 0
191 22 998 0
191 23 1002 0
191 24 998 0
191 25 1011 0
191 26 1007 0
191 27 1003 0
191 28 1006 0
191 29 999 0
191 30 1006 0
191 31 996 0
191 32 1004 0
191 33 1004 0
191 34 1002 0
191 35 1008 0
191 36 1008 0
191 37 1011 0
191 38 1007 0
191 39 993 0
191 40 991 0
191 41 1003 0
191 42 1005 0
191 43 1010 0
191 44 999 0
191 45 1000 0
191 46 1009 0
191 47 1003 0
191 48 1000 0
191 49 1001 0
191 50 998 0
201 0 0 0
201 1 1006 0
201 2 1007 0
201 3 1006 0
201 4 999 0
201 5 1004 0
201 6 1001 0
201 7 1004 0
201 8 1005 0
201 9 999 0
201 10 993 0
201 11 1007 0
201 12 1008 0
201 13 1004 0
201 14 1012 0
201 15 1001 0
201 16 1003 0
201 17 997 0
201 18 1007 0
201 19 1000 0
201 20 999 0
201 21 998 0
201 22 1000 0
201 23 1009 0
201 24 1007 0
201 25 1010 0
201 26 994 0
201 27 1003 0
201 28 1005 0
201 29 1004 0
201 30 1004 0
201 31 1003 0
201 32 1001 0
201 33 1008 0
201 34 1012 0
201 35 1006 0
201 36 1002 0
201 37 1010 0
201 38 1000 0
201 39 1003 0
201 40 1001 0
201 41 1009 0
201 42 1003 0
201 43 1010 0
201 44 1003 0
201 45 999 0
201 46 999 0
201 47 1005 0
201 48 1008 0
201 49 1007 0
201 50 1005 0
211 0 0 0
211 1 999 0
211 2 1003 0
211 3 998 0
211 4 1009 0
211 5 1007 0
211 6 1002 0
211 7 1009 0
211 8 1000 0
211 9 1001 0
211 10 999 0
211 11 994 0
211 12 999 0
211 13 1009 0
211 14 1004 0
211 15 1002 0
211 16 999 0
211 17 994 0
211 18 1004 0
211 19 1016 0
211 20 1004 0
211 21 1007 0
211 22 1001 0
211 23 1001 0
211 24 999 0
211 25 1004 0
211 26 1004 0
211 27 1011 0
211 28 1009 0
211 29 1002 0
211 30 1006 0
211 31 1002 0
211 32 1002 0
211 33 1003 0
211 34 1006 0
211 35 1006 0
211 36 1006 0
211 37 1010 0
211 38 1005 0
211 39 1010 0
211 40 1005 0
211 41 1015 0
211 42 1004 0
211 43 1004 0
211 44 1005 0
211 45 1001 0
211 46 1001 0
211 47 1005 0
211 48 1015 0
211 49 1000 0
211 50 1010 0
221 0 0 0
221 1 999 0
221 2 1006 0
221 3 1005 0
221 4 1011 0
221 5 996 0
221 6 1014 0
221 7 1008 0
221 8 1009 0
221 9 1011 0
221 10 1004 0
221 11 1008 0
221 12 1010 0
221 13 1008 0
221 14 1008 0
221 15 1007 0
221 16 1007 0
221 17 1005 0
221 18 999 0
221 19 1001 0
221 20 1006 0
221 21 1008 0
221 22 998 0
221 23 1005 0
221 24 1007 0
221 25 1008 0
221 26 1006 0
221 27 1010 0
221 28 1005 0
221 29 1003 0
221 30 993 0
221 31 1005 0
221 32 1005 0
221 33 1008 0
221 34 1005 0
221 35 1011 0
221 36 1004 0
221 37 1005 0
221 38 1002 0
221 39 1005 0
221 40 1003 0
221 41 1004 0
221 42 1004 0
221 43 1004 0
221 44 1008 0
221 45 1008 0
221 46 999 0
221 47 1003 0
221 48 1006 0
221 49 999 0
221 50 1003 0
231 0 0 0
231 1 1004 0
231 2 1001 0
231 3 1005 0
231 4 990 0
231 5 1005 0
231 6 1008 0
231 7 1003 0
231 8 1002 0
231 9 1013 0
231 10 1003 0
231 11 1006 0
231 12 998 0
231 13 997 0
231 14 1011 0
231 15 1000 0
231 16 1000 0
231 17 1006 0
231 18 1001 0
231 19 1006 0
231 20 998 0
231 21 1008 0
231 22 1003 0
231 23 1007 0
231 24 1001 0
231 25 1005 0
231 26 1004 0
231 27 1004 0
231 28 1005 0
231 29 1009 0
231 30 1006 0
231 31 1010 0
231 32 1005 0
231 33 1003 0
231 34 1006 0
231 35 1000 0
231 36 1004 0
231 37 990 0
231 38 997 0
231 39 1004 0
231 40 1009 0
231 41 1005 0
231 42 1007 0
231 43 1006 0
231 44 1003 0
231 45 1005 0
231 46 1001 0
231 47 1011 0
231 48 1000 0
231 49 1010 0
231 50 999 0
241 0 0 0
241 1 1002 0
241 2 1003 0
241 3 1004 0
241 4 1008 0
241 5 1002 0
241 6 1008 0
241 7 1000 0
241 8 1005 0
241 9 1011 0
241 10 1009 0
241 11 1002 0
241 12 1009 0
241 13 1008 0
241 14 1011 0
241 15 1012 0
241 16 997 0
241 17 1004 0
241 18 1005 0
241 19 1006 0
241 20 999 0
241 21 999 0
241 22 1007 0
241 23 1005 0
241 24 1008 0
241 25 1011 0
241 26 998 0
241 27 1001 0
241 28 998 0
241 29 1005 0
241 30 1003 0
241 31 1009 0
241 32 1008 0
241 33 999 0
241 34 1005 0
241 35 998 0
241 36 1004 0
241 37 1004 0
241 38 1004 0
241 39 1006 0
241 40 1002 0
241 41 1004 0
241 42 1004 0
241 43 996 0
241 44 1001 0
241 45 998 0
241 46 1010 0
241 47 1004 0
241 48 1006 0
241 49 1003 0
241 50 1006 0
251 0 0 0
251 1 1005 0
251 2 1010 0
251 3 1013 0
251 4 999 0
251 5 996 0
251 6 996 0
251 7 1009 0
251 8 1009 0
251 9 1004 0
251 10 1012 0
251 11 1005 0
251 12 1009 0
251 13 997 0
251 14 1004 0
251 15 1005 0
251 16 1008 0
251 17 1002 0
251 18 1001 0
251 19 1006 0
251 20 1003 0
251 21 1008 0
251 22 1005 0
251 23 1004 0
251 24 1004 0
251 25 1006 0
251 26 1014 0
251 27 1009 0
251 28 1001 0
251 29 1006 0
251 30 1005 0
251 31 999 0
251 32 1007 0
251 33 1006 0
251 34 1003 0
251 35 1002 0
251 36 1001 0
251 37 1006 0
251 38 1000 0
251 39 1004 0
251 40 1008 0
251 41 995 0
251 42 1001 0
251 43 1000 0
251 44 1004 0
251 45 1009 0
251 46 1005 0
251 47 1001 0
251 48 1013 0
251 49 1002 0
251 50 1001 0
261 0 0 0
261 1 998 0
261 2 1004 0
261 3 997 0
261 4 1004 0
261 5 999 0
261 6 1008 0
261 7 1001 0
261 8 988 0
261 9 1004 0
261 10 1011 0
261 11 1002 0
261 12 1003 0
261 13 1002 0
261 14 1007 0
261 15 1006 0
261 16 1006 0
261 17 1004 0
261 18 1010 0
261 19 1000 0
261 20 1006 0
261 21 1004 0
261 22 991 0
261 23 997 0
261 24 1012 0
261 25 1004 0
261 26 1008 0
261 27 1011 0
261 28 1000 0
261 29 1002 0
261 30 1001 0
261 31 1004 0
261 32 1004 0
261 33 1012 0
261 34 1004 0
261 35 1001 0
261 36 1004 0
261 37 1005 0
261 38 1000 0
261 39 1003 0
261 40 1002 0
261 41 1008 0
261 42 1006 0
261 43 999 0
261 44 994 0
261 45 1000 0
261 46 1008 0
261 47 1005 0
261 48 1006 0
261 49 1002 0
261 50 999 0
271 0 0 0
271 1 1007 0
271 2 1005 0
271 3 1004 0
271 4 999 0
271 5 994 0
271 6 1002 0
271 7 1005 0
271 8 1006 0
271 9 1005 0
271 10 1010 0
271 11 1005 0
271 12 1002 0
271 13 999 0
271 14 1001 0
271 15 1002 0
271 16 1007 0
271 17 1001 0
271 18 1010 0
271 19 1003 0
271 20 998 0
271 21 1006 0
271 22 1001 0
271 23 1000 0
271 24 998 0
271 25 998 0
271 26 1006 0
271 27 1012 0
271 28 1006 0
271 29 995 0
271 30 1007 0
271 31 996 0
271 32 1001 0
271 33 1007 0
271 34 998 0
271 35 1001 0
271 36 1006 0
271 37 1008 0
271 38 1012 0
271 39 1010 0
271 40 1007 0
271 41 1009 0
271 42 1003 0
271 43 1003 0
271 44 1001 0
271 45 1005 0
271 46 1004 0
271 47 1002 0
271 48 1006 0
271 49 1015 0
271 50 1006 0
281 0 0 0
281 1 1003 0
281 2 1000 0
281 3 1007 0
281 4 1003 0
281 5 1009 0
281 6 1005 0
281 7 1008 0
281 8 998 0
281 9 1005 0
281 10 1008 0
281 11 1011 0
281 12 1011 0
281 13 1002 0
281 14 1005 0
281 15 1006 0
281 16 1000 0
281 17 1011 0
281 18 997 0
281 19 1013 0
281 20 1004 0
281 21 1004 0
281 22 995 0
281 23 1003 0
281 24 1009 0
281 25 1005 0
281 26 1006 0
281 27 1003 0
281 28 1002 0
281 29 1000 0
281 30 1006 0
281 31 996 0
281 32 1012 0
281 33 1011 0
281 34 1000 0
281 35 995 0
281 36 1003 0
281 37 1000 0
281 38 1002 0
281 39 1006 0
281 40 1003 0
281 41 1011 0
281 42 1011 0
281 43 1007 0
281 44 1007 0
281 45 999 0
281 46 1005 0
281 47 1012 0
281 48 1007 0
281 49 1009 0
281 50 1006 0
291 0 0 0
291 1 1007 0
291 2 1003 0
291 3 1003 0
291 4 1001 0
291 5 1001 0
291 6 1004 0
291 7 1004 0
291 8 1000 0
291 9 1011 0
291 10 999 0
291 11 1005 0
291 12 1002 0
291 13 1003 0
291 14 1002 0
291 15 1005 0
291 16 1005 0
291 17 998 0
291 18 1000 0
291 19 1004 0
291 20 1007 0
291 21 1003 0
291 22 1005 0
291 23 1008 0
291 24 1013 0
291 25 1010 0
291 26 1005 0
291 27 999 0
291 28 1005 0
291 29 1000 0
291 30 1010 0
291 31 1006 0
291 32 1006 0
291 33 999 0
291 34 1012 0
291 35 1012 0
291 36 1005 0
291 37 1001 0
291 38 997 0
291 39 1002 0
291 40 1004 0
291 41 1003 0
291 42 1003 0
291 43 1004 0
291 44 1001 0
291 45 1008 0
291 46 994 0
291 47 1002 0
291 48 1003 0
291 49 1005 0
291 50 1001 0
301 0 0 0
301 1 1002 0
301 2 1001 0
301 3 1008 0
301 4 1003 0
301 5 1015 0
301 6 1007 0
301 7 1005 0
301 8 1012 0
301 9 1005 0
301 10 989 0
301 11 1002 0
301 12 1012 0
301 13 1009 0
301 14 1009 0
301 15 1001 0
301 16 1003 0
301 17 1004 0
301 18 1000 0
301 19 1013 0
301 20 1006 0
301 21 1011 0
301 22 1002 0
301 23 1008 0
301 24 1007 0
301 25 1000 0
301 26 999 0
301 27 1005 0
301 28 997 0
301 29 996 0
301 30 997 0
301 31 1007 0
301 32 1003 0
301 33 1007 0
301 34 1000 0
301 35 1006 0
301 36 1000 0
301 37 1002 0
301 38 1005 0
301 39 1000 0
301 40 998 0
301 41 1013 0
301 42 1005 0
301 43 1005 0
301 44 1002 0
301 45 1007 0
301 46 1001 0
301 47 999 0
301 48 1007 0
301 49 1007 0
301 50 1014 0
311 0 0 0
311 1 1010 0
311 2 1003 0
311 3 1007 0
311 4 1007 0
311 5 1007 0
311 6 1009 0
311 7 1004 0
311 8 1005 0
311 9 1006 0
311 10 1005 0
311 11 999 0
311 12 1011 0
311 13 1008 0
311 14 1002 0
311 15 996 0
311 16 1006 0
311 17 999 0
311 18 1005 0
311 19 1004 0
311 20 999 0
311 21 1005 0
311 22 1012 0
311 23 1008 0
311 24 1005 0
311 25 1007 0
311 26 1010 0
311 27 1004 0
311 28 1003 0
311 29 998 0
311 30 1000 0
311 31 998 0
311 32 1005 0
311 33 998 0
311 34 997 0
311 35 1009 0
311 36 1009 0
311 37 996 0
311 38 997 0
311 39 1005 0
311 40 1000 0
311 41 1002 0
311 42 1006 0
311 43 1008 0
311 44 1003 0
311 45 1002 0
311 46 1008 0
311 47 1008 0
311 48 1005 0
311 49 1000 0
311 50 999 0
321 0 0 0
321 1 1002 0
321 2 1000 0
321 3 1005 0
321 4 1008 0
321 5 1003 0
321 6 1008 0
321 7 999 0
321 8 1006 0
321 9 1005 0
321 10 1001 0
321 11 1009 0
321 12 1000 0
321 13 1009 0
321 14 1000 0
321 15 1013 0
321 16 1013 0
321 17 1007 0
321 18 998 0
321 19 998 0
321 20 1010 0
321 21 1009 0
321 22 1008 0
321 23 1004 0
321 24 1009 0
321 25 1006 0
321 26 1010 0
321 27 1000 0
321 28 1012 0
321 29 998 0
321 30 996 0
321 31 1007 0
321 32 1002 0
321 33 1010 0
321 34 1007 0
321 35 1008 0
321 36 996 0
321 37 1004 0
321 38 1008 0
321 39 1005 0
321 40 1000 0
321 41 1003 0
321 42 1005 0
321 43 1003 0
321 44 1008 0
321 45 1005 0
321 46 1011 0
321 47 1009 0
321 48 1006 0
321 49 994 0
321 50 999 0
331 0 0 0
331 1 1009 0
331 2 1007 0
331 3 996 0
331 4 1000 0
331 5 1006 0
331 6 998 0
331 7 1007 0
331 8 1007 0
331 9 1007 0
331 10 996 0
331 11 998 0
331 12 1001 0
331 13 1005 0
331 14 1002 0
331 15 1012 0
331 16 1001 0
331 17 1006 0
331 18 1004 0
331 19 1008 0
331 20 1002 0
331 21 1010 0
331 22 1012 0
331 23 1008 0
331 24 1003 0
331 25 1004 0
331 26 1011 0
331 27 1010 0
331 28 1006 0
331 29 999 0
331 30 1006 0
331 31 1008 0
331 32 1002 0
331 33 1007 0
331 34 1006 0
331 35 1003 0
331 36 1003 0
331 37 997 0
331 38 1001 0
331 39 1009 0
331 40 1002 0
331 41 1010 0
331 42 1008 0
331 43 1000 0
331 44 1007 0
331 45 1005 0
331 46 1007 0
331 47 1007 0
331 48 1002 0
331 49 997 0
331 50 1004 0
341 0 0 0
341 1 1001 0
341 2 1001 0
341 3 999 0
341 4 996 0
341 5 1007 0
341 6 1006 0
341 7 1007 0
341 8 1000 0
341 9 1003 0
341 10 1002 0
341 11 1003 0
341 12 1013 0
341 13 1003 0
341 14 1001 0
341 15 1004 0
341 16 1009 0
341 17 1002 0
341 18 1004 0
341 19 1008 0
341 20 1011 0
341 21 1005 0
341 22 1012 0
341 23 1002 0
341 24 1010 0
341 25 1015 0
341 26 1001 0
341 27 999 0
341 28 1005 0
341 29 995 0
341 30 1003 0
341 31 1004 0
341 32 1009 0
341 33 1004 0
341 34 1004 0
341 35 1008 0
341 36 1007 0
341 37 998 0
341 38 1003 0
341 39 1008 0
341 40 1006 0
341 41 1002 0
341 42 996 0
341 43 989 0
341 44 1001 0
341 45 1004 0
341 46 998 0
341 47 1009 0
341 48 1005 0
341 49 1008 0
341 50 1005 0
351 0 0 0
351 1 1006 0
351 2 1002 0
351 3 1003 0
351 4 994 0
351 5 1008 0
351 6 1011 0
351 7 1005 0
351 8 1010 0
351 9 999 0
351 10 1008 0
351 11 1000 0
351 12 1005 0
351 13 1006 0
351 14 1001 0
351 15 1006 0
351 16 1011 0
351 17 1005 0
351 18 995 0
351 19 1011 0
351 20 1010 0
351 21 1003 0
351 22 1006 0
351 23 1007 0
351 24 1002 0
351 25 996 0
351 26 998 0
351 27 1003 0
351 28 1010 0
351 29 1010 0
351 30 999 0
351 31 1003 0
351 32 1011 0
351 33 999 0
351 34 1011 0
351 35 1001 0
351 36 1014 0
351 37 1003 0
351 38 1003 0
351 39 1010 0
351 40 1003 0
351 41 1004 0
351 42 996 0
351 43 998 0
351 44 997 0
351 45 1004 0
351 46 1007 0
351 47 1008 0
351 48 999 0
351 49 997 0
351 50 1006 0
361 0 0 0
361 1 1008 0
361 2 1006 0
361 3 1001 0
361 4 1006 0
361 5 998 0
361 6 1001 0
361 7 1009 0
361 8 1011 0
361 9 1004 0
361 10 1000 0
361 11 1003 0
361 12 1007 0
361 13 1006 0
361 14 1001 0
361 15 1005 0
361 16 1006 0
361 17 1004 0
361 18 997 0
361 19 1003 0
361 20 1008 0
361 21 1004 0
361 22 1005 0
361 23 1012 0
361 24 1006 0
361 25 1008 0
361 26 1007 0
361 27 999 0
361 28 998 0
361 29 999 0
361 30 1002 0
361 31 1011 0
361 32 1012 0
361 33 1007 0
361 34 1001 0
361 35 1008 0
361 36 999 0
361 37 1008 0
361 38 1008 0
361 39 1009 0
361 40 1007 0
361 41 997 0
361 42 999 0
361 43 1005 0
361 44 1007 0
361 45 1001 0
361 46 1008 0
361 47 1006 0
361 48 992 0
361 49 998 0
361 50 998 0
371 0 0 0
371 1 991 0
371 2 1000 0
371 3 1008 0
371 4 1006 0
371 5 1012 0
371 6 1005 0
371 7 1004 0
371 8 1001 0
371 9 999 0
371 10 999 0
371 11 997 0
371 12 1013 0
371 13 1006 0
371 14 1012 0
371 15 1003 0
371 16 1009 0
371 17 1003 0
371 18 1008 0
371 19 1007 0
371 20 1009 0
371 21 1007 0
371 22 1004 0
371 23 1002 0
371 24 1004 0
371 25 996 0
371 26 1009 0
371 27 999 0
371 28 1000 0
371 29 1006 0
371 30 1012 0
371 31 1006 0
371 32 1004 0
371 33 1002 0
371 34 1003 0
371 35 1005 0
371 36 1012 0
371 37 1006 0
371 38 1009 0
371 39 1006 0
371 40 1003 0
371 41 1003 0
371 42 1004 0
371 43 1008 0
371 44 1001 0
371 45 1006 0
371 46 994 0
371 47 1008 0
371 48 1000 0
371 49 1006 0
371 50 1003 0
381 0 0 0
381 1 1005 0
381 2 1006 0
381 3 1001 0
381 4 1003 0
381 5 1000 0
381 6 1004 0
381 7 1004 0
381 8 1001 0
381 9 996 0
381 10 1006 0
381 11 1002 0
381 12 998 0
381 13 998 0
381 14 1001 0
381 15 1006 0
381 16 1015 0
381 17 1009 0
381 18 1001 0
381 19 1000 0
381 20 1006 0
381 21 1000 0
381 22 1007 0
381 23 1001 0
381 24 998 0
381 25 1004 0
381 26 1007 0
381 27 1008 0
381 28 1007 0
381 29 1000 0
381 30 1000 0
381 31 998 0
381 32 1004 0
381 33 1011 0
381 34 995 0
381 35 992 0
381 36 995 0
381 37 997 0
381 38 1005 0
381 39 1004 0
381 40 1001 0
381 41 1008 0
381 42 1008 0
381 43 1008 0
381 44 994 0
381 45 998 0
381 46 998 0
381 47 1012 0
381 48 999 0
381 49 1004 0
381 50 1004 0
391 0 0 0
391 1 1006 0
391 2 994 0
391 3 1000 0
391 4 1003 0
391 5 1010 0
391 6 1006 0
391 7 1006 0
391 8 1003 0
391 9 1001 0
391 10 1011 0
391 11 998 0
391 12 1005 0
391 13 1002 0
391 14 1005 0
391 15 996 0
391 16 1001 0
391 17 1002 0
391 18 1006 0
391 19 1010 0
391 20 995 0
391 21 1002 0
391 22 1009 0
391 23 1002 0
391 24 1003 0
391 25 1009 0
391 26 1007 0
391 27 1009 0
391 28 1001 0
391 29 1005 0
391 30 1000 0
391 31 1004 0
391 32 1009 0
391 33 1003 0
391 34 1002 0
391 35 1003 0
391 36 1003 0
391 37 1002 0
391 38 996 0
391 39 1008 0
391 40 1000 0
391 41 1004 0
391 42 996 0
391 43 998 0
391 44 1007 0
391 45 1004 0
391 46 1003 0
391 47 1002 0
391 48 997 0
391 49 1004 0
391 50 1004 0
401 0 0 0
401 1 980 0
401 2 1004 0
401 3 1007 0
401 4 1007 0
401 5 1001 0
401 6 1008 0
401 7 1008 0
401 8 1007 0
401 9 1007 0
401 10 1012 0
401 11 1010 0
401 12 1007 0
401 13 996 0
401 14 1001 0
401 15 1003 0
401 16 1003 0
401 17 1003 0
401 18 1006 0
401 19 1000 0
401 20 1005 0
401 21 1005 0
401 22 1003 0
401 23 1006 0
401 24 1006 0
401 25 1002 0
401 26 1002 0
401 27 1008 0
401 28 1008 0
401 29 1007 0
401 30 1004 0
401 31 1003 0
401 32 998 0
401 33 1010 0
401 34 998 0
401 35 1010 0
401 36 1003 0
401 37 1004 0
401 38 1004 0
401 39 1001 0
401 40 1004 0
401 41 1004 0
401 42 1009 0
401 43 1004 0
401 44 1014 0
401 45 1003 0
401 46 1013 0
401 47 1010 0
401 48 989 0
401 49 999 0
401 50 1001 0
411 0 0 0
411 1 1000 0
411 2 1000 0
411 3 999 0
411 4 1000 0
411 5 1011 0
411 6 1012 0
411 7 1003 0
411 8 1001 0
411 9 1006 0
411 10 1003 0
411 11 1003 0
411 12 1013 0
411 13 999 0
411 14 997 0
411 15 1004 0
411 16 1001 0
411 17 1000 0
411 18 1005 0
411 19 1010 0
411 20 1009 0
411 21 1001 0
411 22 999 0
411 23 1004 0
411 24 1013 0
411 25 1012 0
411 26 1006 0
411 27 1005 0
411 28 999 0
411 29 1014 0
411 30 1009 0
411 31 1007 0
411 32 1003 0
411 33 999 0
411 34 1005 0
411 35 1002 0
411 36 1006 0
411 37 1004 0
411 38 998 0
411 39 1002 0
411 40 997 0
411 41 1004 0
411 42 1003 0
411 43 999 0
411 44 1004 0
411 45 999 0
411 46 1004 0
411 47 999 0
411 48 1011 0
411 49 996 0
411 50 1007 0
421 0 0 0
421 1 1005 0
421 2 1009 0
421 3 1011 0
421 4 1000 0
421 5 998 0
421 6 997 0
421 7 1004 0
421 8 999 0
421 9 1000 0
421 10 1003 0
421 11 1007 0
421 12 1003 0
421 13 1009 0
421 14 1002 0
421 15 1003 0
421 16 1004 0
421 17 1000 0
421 18 1000 0
421 19 997 0
421 20 1008 0
421 21 1000 0
421 22 1007 0
421 23 1007 0
421 24 1008 0
421 25 1002 0
421 26 1007 0
421 27 1008 0
421 28 1012 0
421 29 1011 0
421 30 1000 0
421 31 999 0
421 32 1008 0
421 33 1008 0
421 34 1006 0
421 35 1007 0
421 36 1004 0
421 37 1000 0
421 38 1003 0
421 39 1010 0
421 40 1010 0
421 41 1001 0
421 42 998 0
421 43 1006 0
421 44 1014 0
421 45 1008 0
421 46 1005 0
421 47 996 0
421 48 1007 0
421 49 999 0
421 50 1010 0
431 0 0 0
431 1 1007 0
431 2 1008 0
431 3 1015 0
431 4 1001 0
431 5 999 0
431 6 1004 0
431 7 1003 0
431 8 1001 0
431 9 1009 0
431 10 1005 0
431 11 1006 0
431 12 1005 0
431 13 1000 0
431 14 1009 0
431 15 1011 0
431 16 1001 0
431 17 1002 0
431 18 1002 0
431 19 997 0
431 20 1004 0
431 21 1002 0
431 22 1003 0
431 23 1004 0
431 24 1006 0
431 25 1004 0
431 26 1009 0
431 27 1010 0
431 28 1007 0
431 29 1014 0
431 30 1004 0
431 31 998 0
431 32 1007 0
431 33 998 0
431 34 1002 0
431 35 1004 0
431 36 1006 0
431 37 1000 0
431 38 1007 0
431 39 1011 0
431 40 995 0
431 41 1004 0
431 42 1007 0
431 43 1003 0
431 44 1008 0
431 45 998 0
431 46 1001 0
431 47 1002 0
431 48 1006 0
431 49 1001 0
431 50 1009 0
441 0 0 0
441 1 1006 0
441 2 999 0
441 3 1002 0
441 4 1007 0
441 5 996 0
441 6 1003 0
441 7 1009 0
441 8 1002 0
441 9 1001 0
441 10 1003 0
441 11 1001 0
441 12 999 0
441 13 1007 0
441 14 1004 0
441 15 992 0
441 16 1004 0
441 17 1002 0
441 18 1007 0
441 19 1003 0
441 20 1007 0
441 21 1010 0
441 22 1006 0
441 23 1004 0
441 24 1005 0
441 25 998 0
441 26 1003 0
441 27 1003 0
441 28 1002 0
441 29 1008 0
441 30 1008 0
441 31 1007 0
441 32 1003 0
441 33 1003 0
441 34 996 0
441 35 998 0
441 36 1006 0
441 37 1004 0
441 38 1003 0
441 39 999 0
441 40 997 0
441 41 1009 0
441 42 1005 0
441 43 1008 0
441 44 1004 0
441 45 996 0
441 46 1001 0
441 47 1005 0
441 48 1001 0
441 49 1005 0
441 50 1002 0
451 0 0 0
451 1 1012 0
451 2 1010 0
451 3 1000 0
451 4 1010 0
451 5 1015 0
451 6 1005 0
451 7 1009 0
451 8 1000 0
451 9 1007 0
451 10 995 0
451 11 998 0
451 12 1001 0
451 13 999 0
451 14 1003 0
451 15 1003 0
451 16 1010 0
451 17 1007 0
451 18 1005 0
451 19 1007 0
451 20 1006 0
451 21 1007 0
451 22 1003 0
451 23 1005 0
451 24 1005 0
451 25 1005 0
451 26 1010 0
451 27 988 0
451 28 1002 0
451 29 1008 0
451 30 1006 0
451 31 1004 0
451 32 1001 0
451 33 1004 0
451 34 1009 0
451 35 1006 0
451 36 1009 0
451 37 1011 0
451 38 1009 0
451 39 995 0
451 40 1010 0
451 41 1009 0
451 42 1010 0
451 43 994 0
451 44 1008 0
451 45 1001 0
451 46 1001 0
451 47 1007 0
451 48 999 0
451 49 998 0
451 50 1006 0
461 0 0 0
461 1 1011 0
461 2 995 0
461 3 1004 0
461 4 995 0
461 5 1003 0
461 6 1003 0
461 7 1006 0
461 8 1009 0
461 9 1001 0
461 10 1006 0
461 11 1005 0
461 12 1004 0
461 13 1003 0
461 14 1010 0
461 15 1003 0
461 16 1003 0
461 17 997 0
461 18 1007 0
461 19 1005 0
461 20 1004 0
461 21 992 0
461 22 1010 0
461 23 996 0
461 24 1011 0
461 25 1008 0
461 26 1004 0
461 27 1005 0
461 28 997 0
461 29 1002 0
461 30 1003 0
461 31 998 0
461 32 1000 0
461 33 1003 0
461 34 1003 0
461 35 1003 0
461 36 1009 0
461 37 1002 0
461 38 1003 0
461 39 996 0
461 40 1006 0
461 41 1005 0
461 42 998 0
461 43 1000 0
461 44 1003 0
461 45 1002 0
461 46 1001 0
461 47 1004 0
461 48 1003 0
461 49 998 0
461 50 990 0
471 0 0 0
471 1 1006 0
471 2 1005 0
471 3 1001 0
471 4 997 0
471 5 1001 0
471 6 1006 0
471 7 1007 0
471 8 997 0
471 9 1008 0
471 10 1002 0
471 11 1002 0
471 12 1008 0
471 13 1006 0
471 14 1006 0
471 15 1001 0
471 16 1004 0
471 17 1009 0
471 18 1007 0
471 19 1007 0
471 20 1012 0
471 21 1003 0
471 22 1001 0
471 23 1003 0
471 24 1005 0
471 25 1001 0
471 26 1002 0
471 27 1007 0
471 28 1000 0
471 29 1009 0
471 30 1000 0
471 31 1006 0
471 32 1007 0
471 33 1004 0
471 34 997 0
471 35 1010 0
471 36 998 0
471 37 1006 0
471 38 1003 0
471 39 1005 0
471 40 1002 0
471 41 1011 0
471 42 1008 0
471 43 1003 0
471 44 999 0
471 45 1006 0
471 46 1009 0
471 47 1009 0
471 48 1007 0
471 49 999 0
471 50 1002 0
481 0 0 0
481 1 942 0
481 2 1008 0
481 3 1000 0
481 4 1006 0
481 5 1002 0
481 6 1010 0
481 7 997 0
481 8 999 0
481 9 1005 0
481 10 1000 0
481 11 1007 0
481 12 1004 0
481 13 1009 0
481 14 996 0
481 15 997 0
481 16 1011 0
481 17 1007 0
481 18 994 0
481 19 1003 0
481 20 1001 0
481 21 1001 0
481 22 1013 0
481 23 1009 0
481 24 1008 0
481 25 1005 0
481 26 1002 0
481 27 1003 0
481 28 994 0
481 29 1004 0
481 30 1001 0
481 31 1014 0
481 32 1005 0
481 33 999 0
481 34 1000 0
481 35 1003 0
481 36 1007 0
481 37 1008 0
481 38 1001 0
481 39 1009 0
481 40 1012 0
481 41 1005 0
481 42 1005 0
481 43 1007 0
481 44 1006 0
481 45 1006 0
481 46 1010 0
481 47 1005 0
481 48 1005 0
481 49 1003 0
481 50 1002 0
491 0 0 0
491 1 1003 0
491 2 1007 0
491 3 1003 0
491 4 1006 0
491 5 999 0
491 6 1009 0
491 7 1003 0
491 8 1006 0
491 9 1002 0
491 10 1008 0
491 11 1007 0
491 12 1009 0
491 13 1003 0
491 14 1003 0
491 15 997 0
491 16 1008 0
491 17 1004 0
491 18 1008 0
491 19 1005 0
491 20 1001 0
491 21 1003 0
491 22 997 0
491 23 1013 0
491 24 1003 0
491 25 1003 0
491 26 1004 0
491 27 1004 0
491 28 1011 0
491 29 1011 0
491 30 1005 0
491 31 1005 0
491 32 1000 0
491 33 997 0
491 34 1001 0
491 35 1003 0
491 36 997 0
491 37 1001 0
491 38 1007 0
491 39 1008 0
491 40 1004 0
491 41 1007 0
491 42 1000 0
491 43 998 0
491 44 1009 0
491 45 996 0
491 46 1008 0
491 47 1006 0
491 48 1009 0
491 49 1000 0
491 50 1001 0
501 0 0 0
501 1 164 0
501 2 260 0
501 3 479 0
501 4 655 0
501 5 742 0
501 6 754 0
501 7 882 0
501 8 940 0
501 9 978 0
501 10 963 0
501 11 997 0
501 12 1001 0
501 13 1001 0
501 14 994 0
501 15 990 0
501 16 1000 0
501 17 1002 0
501 18 1005 0
501 19 1004 0
501 20 1011 0
501 21 1007 0
501 22 994 0
501 23 1001 0
501 24 1003 0
501 25 1005 0
501 26 1000 0
501 27 1006 0
501 28 1009 0
501 29 1007 0
501 30 1000 0
501 31 1008 0
501 32 1008 0
501 33 999 0
501 34 1005 0
501 35 1004 0
501 36 1013 0
501 37 1001 0
501 38 1001 0
501 39 1007 0
501 40 1006 0
501 41 999 0
501 42 1009 0
501 43 1010 0
501 44 1002 0
501 45 1001 0
501 46 1010 0
501 47 1016 0
501 48 1008 0
501 49 1005 0
501 50 1005 0
511 0 0 0
511 1 1009 0
511 2 1003 0
511 3 1001 0
511 4 1010 0
511 5 1006 0
511 6 1005 0
511 7 1004 0
511 8 1011 0
511 9 1007 0
511 10 1005 0
511 11 1001 0
511 12 1004 0
511 13 1004 0
511 14 1007 0
511 15 1003 0
511 16 1001 0
511 17 1007 0
511 18 1001 0
511 19 998 0
511 20 1008 0
511 21 998 0
511 22 1000 0
511 23 1006 0
511 24 1001 0
511 25 999 0
511 26 1004 0
511 27 1002 0
511 28 1011 0
511 29 1012 0
511 30 998 0
511 31 999 0
511 32 1003 0
511 33 1012 0
511 34 996 0
511 35 1005 0
511 36 1007 0
511 37 1008 0
511 38 999 0
511 39 1009 0
511 40 1005 0
511 41 1009 0
511 42 1003 0
511 43 1009 0
511 44 1003 0
511 45 998 0
511 46 1009 0
511 47 1006 0
511 48 1002 0
511 49 1006 0
511 50 1001 0
521 0 0 0
521 1 998 0
521 2 1011 0
521 3 1006 0
521 4 999 0
521 5 1004 0
521 6 1000 0
521 7 1004 0
521 8 1010 0
521 9 1003 0
521 10 999 0
521 11 1004 0
521 12 1009 0
521 13 1005 0
521 14 1012 0
521 15 1002 0
521 16 1014 0
521 17 1009 0
521 18 1009 0
521 19 1008 0
521 20 1004 0
521 21 1013 0
521 22 1001 0
521 23 1000 0
521 24 1003 0
521 25 1003 0
521 26 1006 0
521 27 1005 0
521 28 1007 0
521 29 1007 0
521 30 1009 0
521 31 998 0
521 32 1004 0
521 33 1005 0
521 34 999 0
521 35 1008 0
521 36 1005 0
521 37 1005 0
521 38 1006 0
521 39 998 0
521 40 1007 0
521 41 1011 0
521 42 1001 0
521 43 1002 0
521 44 992 0
521 45 1011 0
521 46 1001 0
521 47 1004 0
521 48 1005 0
521 49 1007 0
521 50 1010 0
531 0 0 0
531 1 395 0
531 2 724 0
531 3 871 0
531 4 973 0
531 5 979 0
531 6 1006 0
531 7 995 0
531 8 991 0
531 9 1001 0
531 10 1010 0
531 11 1007 0
531 12 1004 0
531 13 999 0
531 14 1005 0
531 15 1012 0
531 16 1006 0
531 17 1005 0
531 18 995 0
531 19 1005 0
531 20 1004 0
531 21 1003 0
531 22 1007 0
531 23 1006 0
531 24 1007 0
531 25 997 0
531 26 1006 0
531 27 997 0
531 28 1001 0
531 29 1009 0
531 30 1000 0
531 31 995 0
531 32 1005 0
531 33 1002 0
531 34 998 0
531 35 1004 0
531 36 1002 0
531 37 1004 0
531 38 1005 0
531 39 1002 0
531 40 1003 0
531 41 1002 0
531 42 1004 0
531 43 1002 0
531 44 1005 0
531 45 1004 0
531 46 1002 0
531 47 998 0
531 48 1006 0
531 49 1007 0
531 50 998 0
541 0 0 0
541 1 1002 0
541 2 1004 0
541 3 1004 0
541 4 1005 0
541 5 1006 0
541 6 1007 0
541 7 1010 0
541 8 1007 0
541 9 1002 0
541 10 1005 0
541 11 1002 0
541 12 1002 0
541 13 1011 0
541 14 1002 0
541 15 1015 0
541 16 1003 0
541 17 1007 0
541 18 1005 0
541 19 998 0
541 20 1009 0
541 21 1002 0
541 22 1001 0
541 23 1007 0
541 24 1007 0
541 25 1005 0
541 26 1002 0
541 27 1010 0
541 28 1007 0
541 29 1008 0
541 30 998 0
541 31 1007 0
541 32 1002 0
541 33 1006 0
541 34 1000 0
541 35 1009 0
541 36 997 0
541 37 1001 0
541 38 999 0
541 39 1011 0
541 40 1002 0
541 41 1011 0
541 42 1007 0
541 43 1000 0
541 44 1009 0
541 45 1006 0
541 46 997 0
541 47 1007 0
541 48 996 0
541 49 1008 0
541 50 999 0
551 0 0 0
551 1 1005 0
551 2 1007 0
551 3 1006 0
551 4 1009 0
551 5 1009 0
551 6 1000 0
551 7 1004 0
551 8 1001 0
551 9 1006 0
551 10 1000 0
551 11 1001 0
551 12 997 0
551 13 997 0
551 14 1011 0
551 15 1000 0
551 16 1011 0
551 17 1001 0
551 18 1001 0
551 19 994 0
551 20 996 0
551 21 997 0
551 22 1009 0
551 23 1004 0
551 24 1016 0
551 25 1007 0
551 26 1004 0
551 27 1005 0
551 28 1002 0
551 29 1008 0
551 30 1007 0
551 31 1004 0
551 32 1006 0
551 33 1008 0
551 34 1003 0
551 35 999 0
551 36 1006 0
551 37 1000 0
551 38 997 0
551 39 996 0
551 40 1007 0
551 41 1002 0
551 42 1004 0
551 43 1009 0
551 44 1001 0
551 45 996 0
551 46 1008 0
551 47 1007 0
551 48 1005 0
551 49 1004 0
551 50 1014 0
561 0 0 0
561 1 253 0
561 2 437 0
561 3 676 0
561 4 771 0
561 5 836 0
561 6 959 0
561 7 987 0
561 8 993 0
561 9 1009 0
561 10 1005 0
561 11 989 0
561 12 1006 0
561 13 1009 0
561 14 1005 0
561 15 1009 0
561 16 1005 0
561 17 1002 0
561 18 1013 0
561 19 1015 0
561 20 995 0
561 21 1010 0
561 22 1009 0
561 23 1005 0
561 24 1000 0
561 25 1004 0
561 26 1012 0
561 27 1006 0
561 28 1010 0
561 29 1004 0
561 30 1005 0
561 31 1005 0
561 32 997 0
561 33 1004 0
561 34 1011 0
561 35 1011 0
561 36 1003 0
561 37 1010 0
561 38 1002 0
561 39 1007 0
561 40 1009 0
561 41 1009 0
561 42 1004 0
561 43 1009 0
561 44 1003 0
561 45 1005 0
561 46 1013 0
561 47 1006 0
561 48 995 0
561 49 999 0
561 50 1003 0
571 0 0 0
571 1 1006 0
571 2 1012 0
571 3 1005 0
571 4 1003 0
571 5 997 0
571 6 1006 0
571 7 989 0
571 8 1001 0
571 9 999 0
571 10 1002 0
571 11 1003 0
571 12 1004 0
571 13 1009 0
571 14 1004 0
571 15 1006 0
571 16 998 0
571 17 1006 0
571 18 1006 0
571 19 1001 0
571 20 1001 0
571 21 1008 0
571 22 1008 0
571 23 1003 0
571 24 1002 0
571 25 1002 0
571 26 1008 0
571 27 1001 0
571 28 1010 0
571 29 1002 0
571 30 1013 0
571 31 1002 0
571 32 1010 0
571 33 1007 0
571 34 1007 0
571 35 1007 0
571 36 1006 0
571 37 1002 0
571 38 1000 0
571 39 1007 0
571 40 1005 0
571 41 1005 0
571 42 1003 0
571 43 1006 0
571 44 993 0
571 45 1000 0
571 46 1007 0
571 47 1002 0
571 48 1006 0
571 49 1005 0
571 50 1004 0
581 0 0 0
581 1 1010 0
581 2 1007 0
581 3 1014 0
581 4 1009 0
581 5 1004 0
581 6 1002 0
581 7 1011 0
581 8 999 0
581 9 996 0
581 10 1000 0
581 11 1008 0
581 12 1006 0
581 13 1005 0
581 14 1007 0
581 15 999 0
581 16 1006 0
581 17 1007 0
581 18 1002 0
581 19 1007 0
581 20 1001 0
581 21 1005 0
581 22 1007 0
581 23 1006 0
581 24 1002 0
581 25 1003 0
581 26 1004 0
581 27 997 0
581 28 997 0
581 29 1007 0
581 30 1004 0
581 31 1010 0
581 32 1004 0
581 33 1005 0
581 34 1006 0
581 35 1006 0
581 36 1005 0
581 37 1005 0
581 38 1005 0
581 39 1008 0
581 40 1007 0
581 41 1010 0
581 42 1012 0
581 43 1009 0
581 44 1002 0
581 45 999 0
581 46 1001 0
581 47 1004 0
581 48 1003 0
581 49 997 0
581 50 997 0
591 0 0 0
591 1 43 0
591 2 126 0
591 3 152 0
591 4 186 0
591 5 227 0
591 6 300 0
591 7 276 0
591 8 355 0
591 9 379 0
591 10 413 0
591 11 488 0
591 12 531 0
591 13 534 0
591 14 685 0
591 15 758 0
591 16 613 0
591 17 805 0
591 18 598 0
591 19 751 0
591 20 760 0
591 21 867 0
591 22 815 0
591 23 767 0
591 24 907 0
591 25 845 0
591 26 932 0
591 27 918 0
591 28 957 0
591 29 869 0
591 30 980 0
591 31 982 0
591 32 985 0
591 33 963 0
591 34 963 0
591 35 988 0
591 36 990 0
591 37 1000 0
591 38 971 0
591 39 964 0
591 40 1001 0
591 41 1002 0
591 42 1001 0
591 43 992 0
591 44 1001 0
591 45 1001 0
591 46 986 0
591 47 991 0
591 48 1006 0
591 49 993 0
591 50 993 0
601 0 0 0
601 1 939 0
601 2 1001 0
601 3 1006 0
601 4 1006 0
601 5 1008 0
601 6 1006 0
601 7 1003 0
601 8 1008 0
601 9 1004 0
601 10 1011 0
601 11 1002 0
601 12 1002 0
601 13 1007 0
601 14 997 0
601 15 998 0
601 16 1005 0
601 17 1009 0
601 18 1005 0
601 19 1006 0
601 20 1006 0
601 21 1003 0
601 22 1002 0
601 23 999 0
601 24 1004 0
601 25 998 0
601 26 1006 0
601 27 1009 0
601 28 1003 0
601 29 995 0
601 30 1003 0
601 31 1002 0
601 32 1002 0
601 33 1000 0
601 34 1005 0
601 35 1005 0
601 36 1009 0
601 37 1009 0
601 38 988 0
601 39 1011 0
601 40 1012 0
601 41 1001 0
601 42 1009 0
601 43 1009 0
601 44 1006 0
601 45 997 0
601 46 1013 0
601 47 992 0
601 48 1002 0
601 49 1009 0
601 50 1003 0
611 0 0 0
611 1 1006 0
611 2 999 0
611 3 1003 0
611 4 1006 0
611 5 1007 0
611 6 1000 0
611 7 1005 0
611 8 997 0
611 9 1006 0
611 10 998 0
611 11 1001 0
611 12 1005 0
611 13 1005 0
611 14 1006 0
611 15 1004 0
611 16 1002 0
611 17 1006 0
611 18 1009 0
611 19 1000 0
611 20 1007 0
611 21 1000 0
611 22 1007 0
611 23 1014 0
611 24 996 0
611 25 1007 0
611 26 1002 0
611 27 1003 0
611 28 1008 0
611 29 1000 0
611 30 1010 0
611 31 1004 0
611 32 1012 0
611 33 1009 0
611 34 998 0
611 35 1008 0
611 36 1011 0
611 37 1007 0
611 38 1009 0
611 39 1004 0
611 40 1008 0
611 41 998 0
611 42 1006 0
611 43 1002 0
611 44 1004 0
611 45 1000 0
611 46 1003 0
611 47 1007 0
611 48 1003 0
611 49 1006 0
611 50 998 0
621 0 0 0
621 1 1001 0
621 2 999 0
621 3 1006 0
621 4 1003 0
621 5 1007 0
621 6 1003 0
621 7 1005 0
621 8 997 0
621 9 1010 0
621 10 1008 0
621 11 1004 0
621 12 1000 0
621 13 995 0
621 14 1003 0
621 15 1009 0
621 16 1011 0
621 17 1000 0
621 18 1009 0
621 19 994 0
621 20 994 0
621 21 1005 0
621 22 1008 0
621 23 1003 0
621 24 1007 0
621 25 999 0
621 26 1007 0
621 27 1007 0
621 28 1005 0
621 29 1001 0
621 30 1003 0
621 31 994 0
621 32 1000 0
621 33 999 0
621 34 1004 0
621 35 1004 0
621 36 1010 0
621 37 1005 0
621 38 999 0
621 39 1013 0
621 40 1005 0
621 41 1000 0
621 42 1000 0
621 43 1003 0
621 44 999 0
621 45 1007 0
621 46 1011 0
621 47 1007 0
621 48 997 0
621 49 1005 0
621 50 1005 0
631 0 0 0
631 1 51 0
631 2 124 0
631 3 186 0
631 4 245 0
631 5 378 0
631 6 327 0
631 7 393 0
631 8 401 0
631 9 443 0
631 10 547 0
631 11 559 0
631 12 593 0
631 13 638 0
631 14 802 0
631 15 775 0
631 16 728 0
631 17 722 0
631 18 823 0
631 19 905 0
631 20 855 0
631 21 926 0
631 22 953 0
631 23 929 0
631 24 930 0
631 25 968 0
631 26 985 0
631 27 954 0
631 28 1001 0
631 29 989 0
631 30 980 0
631 31 974 0
631 32 995 0
631 33 1002 0
631 34 1006 0
631 35 996 0
631 36 992 0
631 37 1000 0
631 38 998 0
631 39 1002 0
631 40 999 0
631 41 997 0
631 42 1001 0
631 43 1003 0
631 44 1000 0
631 45 992 0
631 46 1001 0
631 47 1002 0
631 48 997 0
631 49 1003 0
631 50 997 0
641 0 0 0
641 1 945 0
641 2 1005 0
641 3 1005 0
641 4 996 0
641 5 1003 0
641 6 1003 0
641 7 1007 0
641 8 1008 0
641 9 1000 0
641 10 1008 0
641 11 1003 0
641 12 1003 0
641 13 1006 0
641 14 1006 0
641 15 1009 0
641 16 998 0
641 17 1005 0
641 18 999 0
641 19 1002 0
641 20 1006 0
641 21 1004 0
641 22 997 0
641 23 992 0
641 24 1005 0
641 25 1010 0
641 26 1001 0
641 27 1008 0
641 28 1005 0
641 29 1009 0
641 30 1007 0
641 31 1006 0
641 32 1008 0
641 33 1003 0
641 34 1005 0
641 35 1007 0
641 36 999 0
641 37 999 0
641 38 1002 0
641 39 996 0
641 40 1001 0
641 41 1000 0
641 42 1007 0
641 43 1003 0
641 44 1007 0
641 45 999 0
641 46 1005 0
641 47 1015 0
641 48 1001 0
641 49 1003 0
641 50 997 0
651 0 0 0
651 1 1013 0
651 2 1014 0
651 3 1003 0
651 4 1002 0
651 5 1006 0
651 6 1011 0
651 7 1003 0
651 8 1001 0
651 9 997 0
651 10 1003 0
651 11 1012 0
651 12 1003 0
651 13 1002 0
651 14 1011 0
651 15 999 0
651 16 1005 0
651 17 1014 0
651 18 1009 0
651 19 1000 0
651 20 1003 0
651 21 1004 0
651 22 1000 0
651 23 1007 0
651 24 995 0
651 25 1004 0
651 26 1007 0
651 27 1013 0
651 28 1005 0
651 29 1007 0
651 30 1003 0
651 31 999 0
651 32 1002 0
651 33 1007 0
651 34 1005 0
651 35 1002 0
651 36 1004 0
651 37 1006 0
651 38 1002 0
651 39 1003 0
651 40 1007 0
651 41 1010 0
651 42 1013 0
651 43 997 0
651 44 1001 0
651 45 1004 0
651 46 1001 0
651 47 1007 0
651 48 1001 0
651 49 1005 0
651 50 1006 0
661 0 0 0
661 1 1005 0
661 2 1007 0
661 3 1003 0
661 4 1004 0
661 5 999 0
661 6 1009 0
661 7 1006 0
661 8 1000 0
661 9 1000 0
661 10 1006 0
661 11 1006 0
661 12 1007 0
661 13 997 0
661 14 1010 0
661 15 1001 0
661 16 998 0
661 17 1002 0
661 18 1000 0
661 19 997 0
661 20 1005 0
661 21 1004 0
661 22 998 0
661 23 993 0
661 24 1001 0
661 25 1003 0
661 26 1010 0
661 27 1007 0
661 28 1000 0
661 29 1000 0
661 30 1000 0
661 31 1003 0
661 32 1002 0
661 33 1000 0
661 34 999 0
661 35 1006 0
661 36 1006 0
661 37 1005 0
661 38 1012 0
661 39 1006 0
661 40 999 0
661 41 1008 0
661 42 1001 0
661 43 1008 0
661 44 1005 0
661 45 1008 0
661 46 1004 0
661 47 1002 0
661 48 1001 0
661 49 1000 0
661 50 1010 0
671 0 0 0
671 1 18 0
671 2 32 0
671 3 39 0
671 4 60 0
671 5 64 0
671 6 84 0
671 7 96 0
671 8 127 0
671 9 114 0
671 10 114 0
671 11 145 0
671 12 159 0
671 13 137 0
671 14 183 0
671 15 220 0
671 16 196 0
671 17 237 0
671 18 265 0
671 19 265 0
671 20 222 0
671 21 268 0
671 22 255 0
671 23 292 0
671 24 270 0
671 25 385 0
671 26 356 0
671 27 389 0
671 28 409 0
671 29 337 0
671 30 403 0
671 31 317 0
671 32 473 0
671 33 530 0
671 34 474 0
671 35 524 0
671 36 405 0
671 37 594 0
671 38 499 0
671 39 518 0
671 40 552 0
671 41 542 0
671 42 489 0
671 43 595 0
671 44 565 0
671 45 513 0
671 46 547 0
671 47 569 0
671 48 669 0
671 49 621 0
671 50 563 0
681 0 0 0
681 1 358 0
681 2 484 0
681 3 677 0
681 4 924 0
681 5 932 0
681 6 964 0
681 7 938 0
681 8 983 0
681 9 995 0
681 10 994 0
681 11 1005 0
681 12 1007 0
681 13 1003 0
681 14 998 0
681 15 1000 0
681 16 1004 0
681 17 1003 0
681 18 1011 0
681 19 1004 0
681 20 1006 0
681 21 998 0
681 22 1001 0
681 23 1004 0
681 24 1005 0
681 25 1001 0
681 26 999 0
681 27 1010 0
681 28 1006 0
681 29 1003 0
681 30 1000 0
681 31 1005 0
681 32 997 0
681 33 1007 0
681 34 1004 0
681 35 1007 0
681 36 1006 0
681 37 1004 0
681 38 1000 0
681 39 999 0
681 40 999 0
681 41 1006 0
681 42 997 0
681 43 1005 0
681 44 1003 0
681 45 1007 0
681 46 996 0
681 47 993 0
681 48 1004 0
681 49 1001 0
681 50 1002 0
691 0 0 0
691 1 998 0
691 2 1004 0
691 3 1002 0
691 4 1013 0
691 5 1002 0
691 6 1008 0
691 7 1010 0
691 8 1006 0
691 9 1009 0
691 10 1004 0
691 11 1000 0
691 12 1007 0
691 13 1008 0
691 14 1007 0
691 15 997 0
691 16 995 0
691 17 1008 0
691 18 1001 0
691 19 1008 0
691 20 996 0
691 21 1004 0
691 22 994 0
691 23 1004 0
691 24 1009 0
691 25 1005 0
691 26 1002 0
691 27 1004 0
691 28 998 0
691 29 1009 0
691 30 1002 0
691 31 1007 0
691 32 1008 0
691 33 1004 0
691 34 1003 0
691 35 1008 0
691 36 998 0
691 37 1002 0
691 38 999 0
691 39 1007 0
691 40 1000 0
691 41 1005 0
691 42 1008 0
691 43 1007 0
691 44 999 0
691 45 1004 0
691 46 1006 0
691 47 1004 0
691 48 1000 0
691 49 1008 0
691 50 998 0
701 0 0 0
701 1 1004 0
701 2 1010 0
701 3 1006 0
701 4 1003 0
701 5 997 0
701 6 1004 0
701 7 1000 0
701 8 1011 0
701 9 1001 0
701 10 1001 0
701 11 1003 0
701 12 1007 0
701 13 1005 0
701 14 1011 0
701 15 1006 0
701 16 1012 0
701 17 999 0
701 18 1005 0
701 19 1004 0
701 20 1001 0
701 21 1006 0
701 22 1003 0
701 23 1007 0
701 24 1006 0
701 25 1005 0
701 26 1011 0
701 27 1007 0
701 28 1000 0
701 29 1007 0
701 30 1006 0
701 31 1000 0
701 32 998 0
701 33 999 0
701 34 1004 0
701 35 1016 0
701 36 1006 0
701 37 1004 0
701 38 996 0
701 39 1009 0
701 40 1010 0
701 41 1012 0
701 42 1005 0
701 43 1005 0
701 44 1005 0
701 45 1005 0
701 46 1007 0
701 47 1002 0
701 48 997 0
701 49 1013 0
701 50 1009 0
711 0 0 0
711 1 0 0
711 2 1010 0
711 3 1001 0
711 4 1010 0
711 5 996 0
711 6 1008 0
711 7 1008 0
711 8 1009 0
711 9 995 0
711 10 1001 0
711 11 1013 0
711 12 1003 0
711 13 1005 0
711 14 998 0
711 15 999 0
711 16 1001 0
711 17 1003 0
711 18 1009 0
711 19 1003 0
711 20 1007 0
711 21 1004 0
711 22 1001 0
711 23 1005 0
711 24 999 0
711 25 999 0
711 26 1006 0
711 27 1003 0
711 28 1007 0
711 29 1007 0
711 30 1000 0
711 31 999 0
711 32 999 0
711 33 1006 0
711 34 1005 0
711 35 1002 0
711 36 1003 0
711 37 1001 0
711 38 1004 0
711 39 1000 0
711 40 1005 0
711 41 1003 0
711 42 997 0
711 43 1002 0
711 44 1008 0
711 45 1002 0
711 46 997 0
711 47 1013 0
711 48 1003 0
711 49 1005 0
711 50 997 0
721 0 0 0
721 1 0 0
721 2 0 0
721 3 29 0
721 4 36 0
721 5 55 0
721 6 65 0
721 7 73 0
721 8 64 0
721 9 82 0
721 10 99 0
721 11 98 0
721 12 115 0
721 13 121 0
721 14 144 0
721 15 101 0
721 16 158 0
721 17 137 0
721 18 137 0
721 19 189 0
721 20 169 0
721 21 175 0
721 22 173 0
721 23 206 0
721 24 240 0
721 25 232 0
721 26 239 0
721 27 219 0
721 28 247 0
721 29 267 0
721 30 273 0
721 31 265 0
721 32 245 0
721 33 279 0
721 34 265 0
721 35 314 0
721 36 297 0
721 37 269 0
721 38 304 0
721 39 387 0
721 40 413 0
721 41 406 0
721 42 381 0
721 43 407 0
721 44 372 0
721 45 372 0
721 46 377 0
721 47 354 0
721 48 523 0
721 49 399 0
721 50 387 0
731 0 0 0
731 1 0 0
731 2 0 0
731 3 483 0
731 4 561 0
731 5 711 0
731 6 719 0
731 7 780 0
731 8 914 0
731 9 946 0
731 10 919 0
731 11 984 0
731 12 958 0
731 13 986 0
731 14 963 0
731 15 994 0
731 16 1002 0
731 17 997 0
731 18 1008 0
731 19 1012 0
731 20 998 0
731 21 997 0
731 22 1004 0
731 23 1006 0
731 24 999 0
731 25 1002 0
731 26 1011 0
731 27 995 0
731 28 1006 0
731 29 1003 0
731 30 1010 0
731 31 1007 0
731 32 1004 0
731 33 1003 0
731 34 1009 0
731 35 1007 0
731 36 991 0
731 37 999 0
731 38 1005 0
731 39 1003 0
731 40 1004 0
731 41 1007 0
731 42 1010 0
731 43 1007 0
731 44 1000 0
731 45 1010 0
731 46 1000 0
731 47 1003 0
731 48 1003 0
731 49 1000 0
731 50 1003 0
741 0 0 0
741 1 0 0
741 2 0 0
741 3 0 0
741 4 1003 0
741 5 0 0
741 6 1006 0
741 7 1003 0
741 8 1003 0
741 9 1008 0
741 10 997 0
741 11 1004 0
741 12 1009 0
741 13 1001 0
741 14 1007 0
741 15 1002 0
741 16 1005 0
741 17 1009 0
741 18 1004 0
741 19 998 0
741 20 996 0
741 21 1001 0
741 22 1007 0
741 23 1013 0
741 24 1007 0
741 25 1002 0
741 26 998 0
741 27 997 0
741 28 1005 0
741 29 1007 0
741 30 1006 0
741 31 1009 0
741 32 996 0
741 33 1000 0
741 34 1010 0
741 35 1004 0
741 36 1006 0
741 37 1011 0
741 38 999 0
741 39 1005 0
741 40 1004 0
741 41 1002 0
741 42 1004 0
741 43 1010 0
741 44 1007 0
741 45 1004 0
741 46 1009 0
741 47 1004 0
741 48 1006 0
741 49 992 0
741 50 1003 0
751 0 0 0
751 1 0 0
751 2 1002 0
751 3 0 0
751 4 1001 0
751 5 1000 0
751 6 1003 0
751 7 1001 0
751 8 1003 0
751 9 998 0
751 10 1003 0
751 11 1010 0
751 12 1001 0
751 13 1002 0
751 14 1004 0
751 15 1008 0
751 16 1003 0
751 17 1011 0
751 18 1006 0
751 19 999 0
751 20 1010 0
751 21 1003 0
751 22 997 0
751 23 1003 0
751 24 1001 0
751 25 999 0
751 26 1004 0
751 27 1005 0
751 28 1008 0
751 29 1007 0
751 30 1012 0
751 31 1004 0
751 32 1007 0
751 33 1006 0
751 34 1000 0
751 35 1002 0
751 36 1000 0
751 37 1003 0
751 38 1006 0
751 39 997 0
751 40 1008 0
751 41 1013 0
751 42 1006 0
751 43 1012 0
751 44 1014 0
751 45 1002 0
751 46 1012 0
751 47 1004 0
751 48 1003 0
751 49 1004 0
751 50 1000 0
761 0 0 0
761 1 0 0
761 2 0 0
761 3 0 0
761 4 999 0
761 5 997 0
761 6 1005 0
761 7 1002 0
761 8 1006 0
761 9 1003 0
761 10 1005 0
761 11 1001 0
761 12 1008 0
761 13 1006 0
761 14 1010 0
761 15 1009 0
761 16 1007 0
761 17 998 0
761 18 1005 0
761 19 1002 0
761 20 1000 0
761 21 999 0
761 22 1006 0
761 23 1000 0
761 24 1007 0
761 25 999 0
761 26 1011 0
761 27 995 0
761 28 1001 0
761 29 997 0
761 30 1014 0
761 31 1004 0
761 32 1012 0
761 33 996 0
761 34 996 0
761 35 997 0
761 36 1006 0
761 37 997 0
761 38 1007 0
761 39 1003 0
761 40 1006 0
761 41 1005 0
761 42 1011 0
761 43 1002 0
761 44 1002 0
761 45 1003 0
761 46 1006 0
761 47 1005 0
761 48 1002 0
761 49 999 0
761 50 1006 0
771 0 0 0
771 1 0 0
771 2 0 0
771 3 0 0
771 4 0 0
771 5 8 0
771 6 12 0
771 7 0 0
771 8 5 0
771 9 9 0
771 10 8 0
771 11 12 0
771 12 9 0
771 13 10 0
771 14 10 0
771 15 16 0
771 16 19 0
771 17 14 0
771 18 14 0
771 19 10 0
771 20 17 0
771 21 28 0
771 22 22 0
771 23 15 0
771 24 21 0
771 25 17 0
771 26 18 0
771 27 25 0
771 28 20 0
771 29 28 0
771 30 23 0
771 31 22 0
771 32 24 0
771 33 23 0
771 34 26 0
771 35 31 0
771 36 33 0
771 37 24 0
771 38 38 0
771 39 36 0
771 40 43 0
771 41 23 0
771 42 32 0
771 43 28 0
771 44 32 0
771 45 21 0
771 46 29 0
771 47 25 0
771 48 50 0
771 49 49 0
771 50 41 0
781 0 0 0
781 1 0 0
781 2 0 0
781 3 47 0
781 4 0 0
781 5 0 0
781 6 76 0
781 7 0 0
781 8 61 0
781 9 92 0
781 10 103 0
781 11 79 0
781 12 95 0
781 13 139 0
781 14 151 0
781 15 110 0
781 16 201 0
781 17 150 0
781 18 0 0
781 19 198 0
781 20 178 0
781 21 147 0
781 22 178 0
781 23 254 0
781 24 223 0
781 25 185 0
781 26 248 0
781 27 260 0
781 28 258 0
781 29 268 0
781 30 266 0
781 31 245 0
781 32 293 0
781 33 354 0
781 34 315 0
781 35 294 0
781 36 392 0
781 37 329 0
781 38 289 0
781 39 367 0
781 40 424 0
781 41 322 0
781 42 393 0
781 43 353 0
781 44 352 0
781 45 398 0
781 46 497 0
781 47 450 0
781 48 369 0
781 49 483 0
781 50 422 0
791 0 0 0
791 1 0 0
791 2 0 0
791 3 0 0
791 4 0 0
791 5 0 0
791 6 0 0
791 7 0 0
791 8 928 0
791 9 0 0
791 10 0 0
791 11 937 0
791 12 946 0
791 13 953 0
791 14 967 0
791 15 994 0
791 16 999 0
791 17 990 0
791 18 1004 0
791 19 1006 0
791 20 995 0
791 21 998 0
791 22 1006 0
791 23 1007 0
791 24 996 0
791 25 1001 0
791 26 1007 0
791 27 1000 0
791 28 999 0
791 29 1003 0
791 30 1000 0
791 31 1005 0
791 32 1006 0
791 33 1006 0
791 34 1004 0
791 35 1007 0
791 36 996 0
791 37 1008 0
791 38 1008 0
791 39 1006 0
791 40 1007 0
791 41 1006 0
791 42 994 0
791 43 996 0
791 44 998 0
791 45 998 0
791 46 1006 0
791 47 1006 0
791 48 997 0
791 49 994 0
791 50 1001 0
801 0 0 0
801 1 0 0
801 2 0 0
801 3 0 0
801 4 0 0
801 5 0 0
801 6 1004 0
801 7 0 0
801 8 1008 0
801 9 996 0
801 10 1002 0
801 11 1013 0
801 12 1005 0
801 13 1010 0
801 14 1001 0
801 15 1006 0
801 16 0 0
801 17 1003 0
801 18 1006 0
801 19 1003 0
801 20 0 0
801 21 1005 0
801 22 1003 0
801 23 1014 0
801 24 1007 0
801 25 999 0
801 26 1006 0
801 27 1007 0
801 28 1002 0
801 29 1008 0
801 30 1010 0
801 31 1006 0
801 32 1001 0
801 33 1002 0
801 34 1004 0
801 35 998 0
801 36 997 0
801 37 1003 0
801 38 1008 0
801 39 1004 0
801 40 1007 0
801 41 1006 0
801 42 1005 0
801 43 1000 0
801 44 1006 0
801 45 1002 0
801 46 999 0
801 47 1005 0
801 48 1010 0
801 49 1007 0
801 50 1003 0
811 0 0 0
811 1 0 0
811 2 0 0
811 3 0 0
811 4 0 0
811 5 0 0
811 6 1005 0
811 7 0 0
811 8 0 0
811 9 0 0
811 10 1002 0
811 11 1005 0
811 12 1007 0
811 13 0 0
811 14 1003 0
811 15 0 0
811 16 999 0
811 17 1006 0
811 18 1002 0
811 19 1008 0
811 20 1003 0
811 21 0 0
811 22 999 0
811 23 1003 0
811 24 1010 0
811 25 1007 0
811 26 1002 0
811 27 1001 0
811 28 999 0
811 29 1007 0
811 30 1009 0
811 31 1005 0
811 32 0 0
811 33 1001 0
811 34 1009 0
811 35 999 0
811 36 1000 0
811 37 1012 0
811 38 1008 0
811 39 1001 0
811 40 1006 0
811 41 1008 0
811 42 1008 0
811 43 1006 0
811 44 1004 0
811 45 995 0
811 46 1004 0
811 47 1002 0
811 48 1003 0
811 49 1006 0
811 50 1002 0
821 0 0 0
821 1 0 0
821 2 0 0
821 3 0 0
821 4 0 0
821 5 0 0
821 6 0 0
821 7 0 0
821 8 0 0
821 9 0 0
821 10 0 0
821 11 0 0
821 12 1009 0
821 13 0 0
821 14 0 0
821 15 1000 0
821 16 1003 0
821 17 1009 0
821 18 998 0
821 19 0 0
821 20 1008 0
821 21 1011 0
821 22 1000 0
821 23 1004 0
821 24 0 0
821 25 999 0
821 26 999 0
821 27 1002 0
821 28 1005 0
821 29 1000 0
821 30 993 0
821 31 999 0
821 32 1004 0
821 33 1002 0
821 34 1007 0
821 35 1001 0
821 36 1004 0
821 37 1002 0
821 38 1003 0
821 39 998 0
821 40 1002 0
821 41 1004 0
821 42 1010 0
821 43 1006 0
821 44 997 0
821 45 996 0
821 46 1000 0
821 47 1012 0
821 48 1005 0
821 49 1013 0
821 50 999 0
831 0 0 0
831 1 0 0
831 2 0 0
831 3 0 0
831 4 0 0
831 5 0 0
831 6 0 0
831 7 0 0
831 8 0 0
831 9 0 0
831 10 0 0
831 11 0 0
831 12 0 0
831 13 0 0
831 14 0 0
831 15 990 0
831 16 0 0
831 17 991 0
831 18 986 0
831 19 0 0
831 20 0 0
831 21 854 0
831 22 996 0
831 23 1002 0
831 24 1001 0
831 25 1005 0
831 26 1007 0
831 27 1005 0
831 28 997 0
831 29 1005 0
831 30 1002 0
831 31 1008 0
831 32 1000 0
831 33 970 0
831 34 1006 0
831 35 1006 0
831 36 1008 0
831 37 1007 0
831 38 1001 0
831 39 743 0
831 40 1006 0
831 41 1003 0
831 42 1001 0
831 43 1005 0
831 44 1002 0
831 45 1004 0
831 46 1005 0
831 47 1006 0
831 48 1005 0
831 49 1007 0
831 50 1013 0
841 0 0 0
841 1 0 0
841 2 0 0
841 3 0 0
841 4 0 0
841 5 0 0
841 6 0 0
841 7 0 0
841 8 0 0
841 9 6 0
841 10 0 0
841 11 11 0
841 12 0 0
841 13 14 0
841 14 0 0
841 15 0 0
841 16 0 0
841 17 0 0
841 18 0 0
841 19 11 0
841 20 0 0
841 21 16 0
841 22 25 0
841 23 21 0
841 24 25 0
841 25 23 0
841 26 14 0
841 27 20 0
841 28 25 0
841 29 18 0
841 30 34 0
841 31 20 0
841 32 34 0
841 33 38 0
841 34 0 0
841 35 31 0
841 36 29 0
841 37 19 0
841 38 29 0
841 39 37 0
841 40 35 0
841 41 33 0
841 42 28 0
841 43 21 0
841 44 24 0
841 45 49 0
841 46 32 0
841 47 48 0
841 48 40 0
841 49 33 0
841 50 23 0
851 0 0 0
851 1 0 0
851 2 0 0
851 3 0 0
851 4 0 0
851 5 0 0
851 6 0 0
851 7 0 0
851 8 0 0
851 9 0 0
851 10 0 0
851 11 0 0
851 12 0 0
851 13 98 0
851 14 0 0
851 15 0 0
851 16 164 0
851 17 0 0
851 18 138 0
851 19 182 0
851 20 0 0
851 21 0 0
851 22 0 0
851 23 0 0
851 24 214 0
851 25 0 0
851 26 190 0
851 27 0 0
851 28 0 0
851 29 0 0
851 30 262 0
851 31 0 0
851 32 230 0
851 33 354 0
851 34 306 0
851 35 302 0
851 36 323 0
851 37 294 0
851 38 300 0
851 39 312 0
851 40 435 0
851 41 343 0
851 42 0 0
851 43 388 0
851 44 343 0
851 45 280 0
851 46 352 0
851 47 282 0
851 48 369 0
851 49 352 0
851 50 335 0
861 0 0 0
861 1 0 0
861 2 0 0
861 3 0 0
861 4 0 0
861 5 0 0
861 6 0 0
861 7 0 0
861 8 0 0
861 9 0 0
861 10 0 0
861 11 0 0
861 12 0 0
861 13 0 0
861 14 0 0
861 15 0 0
861 16 0 0
861 17 0 0
861 18 0 0
861 19 0 0
861 20 0 0
861 21 988 0
861 22 996 0
861 23 0 0
861 24 982 0
861 25 996 0
861 26 0 0
861 27 0 0
861 28 0 0
861 29 1003 0
861 30 1004 0
861 31 1006 0
861 32 1001 0
861 33 0 0
861 34 0 0
861 35 0 0
861 36 0 0
861 37 998 0
861 38 1008 0
861 39 1002 0
861 40 1015 0
861 41 1003 0
861 42 1005 0
861 43 1001 0
861 44 1011 0
861 45 1002 0
861 46 1003 0
861 47 1004 0
861 48 1004 0
861 49 1008 0
861 50 1003 0
871 0 0 0
871 1 0 0
871 2 0 0
871 3 0 0
871 4 0 0
871 5 0 0
871 6 0 0
871 7 0 0
871 8 0 0
871 9 0 0
871 10 0 0
871 11 0 0
871 12 0 0
871 13 0 0
871 14 0 0
871 15 0 0
871 16 0 0
871 17 0 0
871 18 0 0
871 19 0 0
871 20 0 0
871 21 0 0
871 22 0 0
871 23 0 0
871 24 0 0
871 25 0 0
871 26 0 0
871 27 1008 0
871 28 0 0
871 29 0 0
871 30 1004 0
871 31 1009 0
871 32 1004 0
871 33 0 0
871 34 0 0
871 35 996 0
871 36 0 0
871 37 0 0
871 38 1006 0
871 39 0 0
871 40 1010 0
871 41 1005 0
871 42 0 0
871 43 0 0
871 44 0 0
871 45 1003 0
871 46 0 0
871 47 1003 0
871 48 0 0
871 49 0 0
871 50 1013 0
881 0 0 0
881 1 0 0
881 2 0 0
881 3 0 0
881 4 0 0
881 5 0 0
881 6 0 0
881 7 0 0
881 8 0 0
881 9 0 0
881 10 0 0
881 11 0 0
881 12 0 0
881 13 0 0
881 14 0 0
881 15 0 0
881 16 0 0
881 17 0 0
881 18 0 0
881 19 0 0
881 20 0 0
881 21 0 0
881 22 0 0
881 23 1015 0
881 24 0 0
881 25 0 0
881 26 0 0
881 27 1003 0
881 28 0 0
881 29 0 0
881 30 0 0
881 31 1005 0
881 32 0 0
881 33 0 0
881 34 0 0
881 35 0 0
881 36 0 0
881 37 0 0
881 38 0 0
881 39 0 0
881 40 0 0
881 41 0 0
881 42 0 0
881 43 1013 0
881 44 1000 0
881 45 0 0
881 46 1008 0
881 47 1002 0
881 48 0 0
881 49 1009 0
881 50 0 0
891 0 0 0
891 1 0 0
891 2 0 0
891 3 0 0
891 4 0 0
891 5 0 0
891 6 0 0
891 7 0 0
891 8 0 0
891 9 0 0
891 10 0 0
891 11 0 0
891 12 0 0
891 13 0 0
891 14 0 0
891 15 0 0
891 16 0 0
891 17 0 0
891 18 0 0
891 19 0 0
891 20 0 0
891 21 0 0
891 22 0 0
891 23 0 0
891 24 0 0
891 25 0 0
891 26 0 0
891 27 0 0
891 28 0 0
891 29 0 0
891 30 0 0
891 31 0 0
891 32 0 0
891 33 0 0
891 34 0 0
891 35 0 0
891 36 1006 0
891 37 1009 0
891 38 0 0
891 39 1006 0
891 40 0 0
891 41 1005 0
891 42 0 0
891 43 0 0
891 44 0 0
891 45 0 0
891 46 0 0
891 47 0 0
891 48 1006 0
891 49 998 0
891 50 0 0
901 0 0 0
901 1 0 0
901 2 0 0
901 3 0 0
901 4 0 0
901 5 0 0
901 6 0 0
901 7 0 0
901 8 0 0
901 9 0 0
901 10 0 0
901 11 0 0
901 12 0 0
901 13 0 0
901 14 0 0
901 15 0 0
901 16 0 0
901 17 0 0
901 18 0 0
901 19 0 0
901 20 0 0
901 21 0 0
901 22 0 0
901 23 0 0
901 24 0 0
901 25 0 0
901 26 0 0
901 27 0 0
901 28 0 0
901 29 0 0
901 30 0 0
901 31 0 0
901 32 0 0
901 33 0 0
901 34 0 0
901 35 1004 0
901 36 0 0
901 37 0 0
901 38 0 0
901 39 0 0
901 40 1010 0
901 41 0 0
901 42 0 0
901 43 998 0
901 44 0 0
901 45 0 0
901 46 993 0
901 47 0 0
901 48 0 0
901 49 1014 0
901 50 0 0
911 0 0 0
911 1 0 0
911 2 0 0
911 3 0 0
911 4 0 0
911 5 0 0
911 6 0 0
911 7 0 0
911 8 0 0
911 9 0 0
911 10 0 0
911 11 0 0
911 12 0 0
911 13 0 0
911 14 0 0
911 15 0 0
911 16 0 0
911 17 0 0
911 18 0 0
911 19 0 0
911 20 0 0
911 21 0 0
911 22 0 0
911 23 0 0
911 24 0 0
911 25 0 0
911 26 0 0
911 27 0 0
911 28 0 0
911 29 0 0
911 30 0 0
911 31 0 0
911 32 0 0
911 33 0 0
911 34 0 0
911 35 0 0
911 36 0 0
911 37 0 0
911 38 0 0
911 39 0 0
911 40 0 0
911 41 0 0
911 42 2 0
911 43 0 0
911 44 0 0
911 45 0 0
911 46 0 0
911 47 4 0
911 48 0 0
911 49 1 0
911 50 0 0
921 0 0 0
921 1 0 0
921 2 0 0
921 3 0 0
921 4 0 0
921 5 0 0
921 6 0 0
921 7 0 0
921 8 0 0
921 9 0 0
921 10 0 0
921 11 0 0
921 12 0 0
921 13 0 0
921 14 0 0
921 15 0 0
921 16 0 0
921 17 0 0
921 18 0 0
921 19 0 0
921 20 0 0
921 21 0 0
921 22 0 0
921 23 0 0
921 24 0 0
921 25 0 0
921 26 0 0
921 27 0 0
921 28 0 0
921 29 0 0
921 30 0 0
921 31 0 0
921 32 0 0
921 33 0 0
921 34 0 0
921 35 0 0
921 36 0 0
921 37 0 0
921 38 0 0
921 39 0 0
921 40 0 0
921 41 0 0
921 42 0 0
921 43 0 0
921 44 0 0
921 45 0 0
921 46 0 0
921 47 0 0
921 48 0 0
921 49 0 0
921 50 16 0
931 0 0 0
931 1 0 0
931 2 0 0
931 3 0 0
931 4 0 0
931 5 0 0
931 6 0 0
931 7 0 0
931 8 0 0
931 9 0 0
931 10 0 0
931 11 0 0
931 12 0 0
931 13 0 0
931 14 0 0
931 15 0 0
931 16 0 0
931 17 0 0
931 18 0 0
931 19 0 0
931 20 0 0
931 21 0 0
931 22 0 0
931 23 0 0
931 24 0 0
931 25 0 0
931 26 0 0
931 27 0 0
931 28 0 0
931 29 0 0
931 30 0 0
931 31 0 0
931 32 0 0
931 33 0 0
931 34 0 0
931 35 0 0
931 36 0 0
931 37 0 0
931 38 0 0
931 39 0 0
931 40 0 0
931 41 0 0
931 42 0 0
931 43 0 0
931 44 0 0
931 45 0 0
931 46 0 0
931 47 0 0
931 48 0 0
931 49 0 0
931 50 0 0
941 0 0 0
941 1 0 0
941 2 0 0
941 3 0 0
941 4 0 0
941 5 0 0
941 6 0 0
941 7 0 0
941 8 0 0
941 9 0 0
941 10 0 0
941 11 0 0
941 12 0 0
941 13 0 0
941 14 0 0
941 15 0 0
941 16 0 0
941 17 0 0
941 18 0 0
941 19 0 0
941 20 0 0
941 21 0 0
941 22 0 0
941 23 0 0
941 24 0 0
941 25 0 0
941 26 0 0
941 27 0 0
941 28 0 0
941 29 0 0
941 30 0 0
941 31 0 0
941 32 0 0
941 33 0 0
941 34 0 0
941 35 0 0
941 36 0 0
941 37 0 0
941 38 0 0
941 39 0 0
941 40 0 0
941 41 0 0
941 42 0 0
941 43 0 0
941 44 0 0
941 45 0 0
941 46 0 0
941 47 0 0
941 48 0 0
941 49 0 0
941 50 0 0
951 0 0 0
951 1 0 0
951 2 0 0
951 3 0 0
951 4 0 0
951 5 0 0
951 6 0 0
951 7 0 0
951 8 0 0
951 9 0 0
951 10 0 0
951 11 0 0
951 12 0 0
951 13 0 0
951 14 0 0
951 15 0 0
951 16 0 0
951 17 0 0
951 18 0 0
951 19 0 0
951 20 0 0
951 21 0 0
951 22 0 0
951 23 0 0
951 24 0 0
951 25 0 0
951 26 0 0
951 27 0 0
951 28 0 0
951 29 0 0
951 30 0 0
951 31 0 0
951 32 0 0
951 33 0 0
951 34 0 0
951 35 0 0
951 36 0 0
951 37 0 0
951 38 0 0
951 39 0 0
951 40 0 0
951 41 0 0
951 42 0 0
951 43 0 0
951 44 0 0
951 45 0 0
951 46 0 0
951 47 0 0
951 48 0 0
951 49 0 0
951 50 0 0
961 0 0 0
961 1 0 0
961 2 0 0
961 3 0 0
961 4 0 0
961 5 0 0
961 6 0 0
961 7 0 0
961 8 0 0
961 9 0 0
961 10 0 0
961 11 0 0
961 12 0 0
961 13 0 0
961 14 0 0
961 15 0 0
961 16 0 0
961 17 0 0
961 18 0 0
961 19 0 0
961 20 0 0
961 21 0 0
961 22 0 0
961 23 0 0
961 24 0 0
961 25 0 0
961 26 0 0
961 27 0 0
961 28 0 0
961 29 0 0
961 30 0 0
961 31 0 0
961 32 0 0
961 33 0 0
961 34 0 0
961 35 0 0
961 36 0 0
961 37 0 0
961 38 0 0
961 39 0 0
961 40 0 0
961 41 0 0
961 42 0 0
961 43 0 0
961 44 0 0
961 45 0 0
961 46 0 0
961 47 0 0
961 48 0 0
961 49 0 0
961 50 0 0
971 0 0 0
971 1 0 0
971 2 0 0
971 3 0 0
971 4 0 0
971 5 0 0
971 6 0 0
971 7 0 0
971 8 0 0
971 9 0 0
971 10 0 0
971 11 0 0
971 12 0 0
971 13 0 0
971 14 0 0
971 15 0 0
971 16 0 0
971 17 0 0
971 18 0 0
971 19 0 0
971 20 0 0
971 21 0 0
971 22 0 0
971 23 0 0
971 24 0 0
971 25 0 0
971 26 0 0
971 27 0 0
971 28 0 0
971 29 0 0
971 30 0 0
971 31 0 0
971 32 0 0
971 33 0 0
971 34 0 0
971 35 0 0
971 36 0 0
971 37 0 0
971 38 0 0
971 39 0 0
971 40 0 0
971 41 0 0
971 42 0 0
971 43 0 0
971 44 0 0
971 45 0 0
971 46 0 0
971 47 0 0
971 48 0 0
971 49 0 0
971 50 0 0
981 0 0 0
981 1 0 0
981 2 0 0
981 3 0 0
981 4 0 0
981 5 0 0
981 6 0 0
981 7 0 0
981 8 0 0
981 9 0 0
981 10 0 0
981 11 0 0
981 12 0 0
981 13 0 0
981 14 0 0
981 15 0 0
981 16 0 0
981 17 0 0
981 18 0 0
981 19 0 0
981 20 0 0
981 21 0 0
981 22 0 0
981 23 0 0
981 24 0 0
981 25 0 0
981 26 0 0
981 27 0 0
981 28 0 0
981 29 0 0
981 30 0 0
981 31 0 0
981 32 0 0
981 33 0 0
981 34 0 0
981 35 0 0
981 36 0 0
981 37 0 0
981 38 0 0
981 39 0 0
981 40 0 0
981 41 0 0
981 42 0 0
981 43 0 0
981 44 0 0
981 45 0 0
981 46 0 0
981 47 0 0
981 48 0 0
981 49 0 0
981 50 0 0
991 0 0 0
991 1 0 0
991 2 0 0
991 3 0 0
991 4 0 0
991 5 0 0
991 6 0 0
991 7 0 0
991 8 0 0
991 9 0 0
991 10 0 0
991 11 0 0
991 12 0 0
991 13 0 0
991 14 0 0
991 15 0 0
991 16 0 0
991 17 0 0
991 18 0 0
991 19 0 0
991 20 0 0
991 21 0 0
991 22 0 0
991 23 0 0
991 24 0 0
991 25 0 0
991 26 0 0
991 27 0 0
991 28 0 0
991 29 0 0
991 30 0 0
991 31 0 0
991 32 0 0
991 33 0 0
991 34 0 0
991 35 0 0
991 36 0 0
991 37 0 0
991 38 0 0
991 39 0 0
991 40 0 0
991 41 0 0
991 42 0 0
991 43 0 0
991 44 0 0
991 45 0 0
991 46 0 0
991 47 0 0
991 48 0 0
991 49 0 0
991 50 0 0
1001 0 0 0
1001 1 0 0
1001 2 0 0
1001 3 0 0
1001 4 0 0
1001 5 0 0
1001 6 0 0
1001 7 0 0
1001 8 0 0
1001 9 0 0
1001 10 0 0
1001 11 0 0
1001 12 0 0
1001 13 0 0
1001 14 0 0
1001 15 0 0
1001 16 0 0
1001 17 0 0
1001 18 0 0
1001 19 0 0
1001 20 0 0
1001 21 0 0
1001 22 0 0
1001 23 0 0
1001 24 0 0
1001 25 0 0
1001 26 0 0
1001 27 0 0
1001 28 0 0
1001 29 0 0
1001 30 0 0
1001 31 0 0
1001 32 0 0
1001 33 0 0
1001 34 0 0
1001 35 0 0
1001 36 0 0
1001 37 0 0
1001 38 0 0
1001 39 0 0
1001 40 0 0
1001 41 0 0
1001 42 0 0
1001 43 0 0
1001 44 0 0
1001 45 0 0
1001 46 0 0
1001 47 0 0
1001 48 0 0
1001 49 0 0
1001 50 0 0
1011 0 0 0
1011 1 0 0
1011 2 0 0
1011 3 0 0
1011 4 0 0
1011 5 0 0
1011 6 0 0
1011 7 0 0
1011 8 0 0
1011 9 0 0
1011 10 0 0
1011 11 0 0
1011 12 0 0
1011 13 0 0
1011 14 0 0
1011 15 0 0
1011 16 0 0
1011 17 0 0
1011 18 0 0
1011 19 0 0
1011 20 0 0
1011 21 0 0
1011 22 0 0
1011 23 0 0
1011 24 0 0
1011 25 0 0
1011 26 0 0
1011 27 0 0
1011 28 0 0
1011 29 0 0
1011 30 0 0
1011 31 0 0
1011 32 0 0
1011 33 0 0
1011 34 0 0
1011 35 0 0
1011 36 0 0
1011 37 0 0
1011 38 0 0
1011 39 0 0
1011 40 0 0
1011 41 0 0
1011 42 0 0
1011 43 0 0
1011 44 0 0
1011 45 0 0
1011 46 0 0
1011 47 0 0
1011 48 0 0
1011 49 0 0
1011 50 0 0
1021 0 0 0
1021 1 0 0
1021 2 0 0
1021 3 0 0
1021 4 0 0
1021 5 0 0
1021 6 0 0
1021 7 0 0
1021 8 0 0
1021 9 0 0
1021 10 0 0
1021 11 0 0
1021 12 0 0
1021 13 0 0
1021 14 0 0
1021 15 0 0
1021 16 0 0
1021 17 0 0
1021 18 0 0
1021 19 0 0
1021 20 0 0
1021 21 0 0
1021 22 0 0
1021 23 0 0
1021 24 0 0
1021 25 0 0
1021 26 0 0
1021 27 0 0
1021 28 0 0
1021 29 0 0
1021 30 0 0
1021 31 0 0
1021 32 0 0
1021 33 0 0
1021 34 0 0
1021 35 0 0
1021 36 0 0
1021 37 0 0
1021 38 0 0
1021 39 0 0
1021 40 0 0
1021 41 0 0
1021 42 0 0
1021 43 0 0
1021 44 0 0
1021 45 0 0
1021 46 0 0
1021 47 0 0
1021 48 0 0
1021 49 0 0
1021 50 0 0
1031 0 0 0
1031 1 0 0
1031 2 0 0
1031 3 0 0
1031 4 0 0
1031 5 0 0
1031 6 0 0
1031 7 0 0
1031 8 0 0
1031 9 0 0
1031 10 0 0
1031 11 0 0
1031 12 0 0
1031 13 0 0
1031 14 0 0
1031 15 0 0
1031 16 0 0
1031 17 0 0
1031 18 0 0
1031 19 0 0
1031 20 0 0
1031 21 0 0
1031 22 0 0
1031 23 0 0
1031 24 0 0
1031 25 0 0
1031 26 0 0
1031 27 0 0
1031 28 0 0
1031 29 0 0
1031 30 0 0
1031 31 0 0
1031 32 0 0
1031 33 0 0
1031 34 0 0
1031 35 0 0
1031 36 0 0
1031 37 0 0
1031 38 0 0
1031 39 0 0
1031 40 0 0
1031 41 0 0
1031 42 0 0
1031 43 0 0
1031 44 0 0
1031 45 0 0
1031 46 0 0
1031 47 0 0
1031 48 0 0
1031 49 0 0
1031 50 0 0
1041 0 0 0
1041 1 0 0
1041 2 0 0
1041 3 0 0
1041 4 0 0
1041 5 0 0
1041 6 0 0
1041 7 0 0
1041 8 0 0
1041 9 0 0
1041 10 0 0
1041 11 0 0
1041 12 0 0
1041 13 0 0
1041 14 0 0
1041 15 0 0
1041 16 0 0
1041 17 0 0
1041 18 0 0
1041 19 0 0
1041 20 0 0
1041 21 0 0
1041 22 0 0
1041 23 0 0
1041 24 0 0
1041 25 0 0
1041 26 0 0
1041 27 0 0
1041 28 0 0
1041 29 0 0
1041 30 0 0
1041 31 0 0
1041 32 0 0
1041 33 0 0
1041 34 0 0
1041 35 0 0
1041 36 0 0
1041 37 0 0
1041 38 0 0
1041 39 0 0
1041 40 0 0
1041 41 0 0
1041 42 0 0
1041 43 0 0
1041 44 0 0
1041 45 0 0
1041 46 0 0
1041 47 0 0
1041 48 0 0
1041 49 0 0
1041 50 0 0
1051 0 0 0
1051 1 0 0
1051 2 0 0
1051 3 0 0
1051 4 0 0
1051 5 0 0
1051 6 0 0
1051 7 0 0
1051 8 0 0
1051 9 0 0
1051 10 0 0
1051 11 0 0
1051 12 0 0
1051 13 0 0
1051 14 0 0
1051 15 0 0
1051 16 0 0
1051 17 0 0
1051 18 0 0
1051 19 0 0
1051 20 0 0
1051 21 0 0
1051 22 0 0
1051 23 0 0
1051 24 0 0
1051 25 0 0
1051 26 0 0
1051 27 0 0
1051 28 0 0
1051 29 0 0
1051 30 0 0
1051 31 0 0
1051 32 0 0
1051 33 0 0
1051 34 0 0
1051 35 0 0
1051 36 0 0
1051 37 0 0
1051 38 0 0
1051 39 0 0
1051 40 0 0
1051 41 0 0
1051 42 0 0
1051 43 0 0
1051 44 0 0
1051 45 0 0
1051 46 0 0
1051 47 0 0
1051 48 0 0
1051 49 0 0
1051 50 0 0
1061 0 0 0
1061 1 0 0
1061 2 0 0
1061 3 0 0
1061 4 0 0
1061 5 0 0
1061 6 0 0
1061 7 0 0
1061 8 0 0
1061 9 0 0
1061 10 0 0
1061 11 0 0
1061 12 0 0
1061 13 0 0
1061 14 0 0
1061 15 0 0
1061 16 0 0
1061 17 0 0
1061 18 0 0
1061 19 0 0
1061 20 0 0
1061 21 0 0
1061 22 0 0
1061 23 0 0
1061 24 0 0
1061 25 0 0
1061 26 0 0
1061 27 0 0
1061 28 0 0
1061 29 0 0
1061 30 0 0
1061 31 0 0
1061 32 0 0
1061 33 0 0
1061 34 0 0
1061 35 0 0
1061 36 0 0
1061 37 0 0
1061 38 0 0
1061 39 0 0
1061 40 0 0
1061 41 0 0
1061 42 0 0
1061 43 0 0
1061 44 0 0
1061 45 0 0
1061 46 0 0
1061 47 0 0
1061 48 0 0
1061 49 0 0
1061 50 0 0
1071 0 0 0
1071 1 0 0
1071 2 0 0
1071 3 0 0
1071 4 0 0
1071 5 0 0
1071 6 0 0
1071 7 0 0
1071 8 0 0
1071 9 0 0
1071 10 0 0
1071 11 0 0
1071 12 0 0
1071 13 0 0
1071 14 0 0
1071 15 0 0
1071 16 0 0
1071 17 0 0
1071 18 0 0
1071 19 0 0
1071 20 0 0
1071 21 0 0
1071 22 0 0
1071 23 0 0
1071 24 0 0
1071 25 0 0
1071 26 0 0
1071 27 0 0
1071 28 0 0
1071 29 0 0
1071 30 0 0
1071 31 0 0
1071 32 0 0
1071 33 0 0
1071 34 0 0
1071 35 0 0
1071 36 0 0
1071 37 0 0
1071 38 0 0
1071 39 0 0
1071 40 0 0
1071 41 0 0
1071 42 0 0
1071 43 0 0
1071 44 0 0
1071 45 0 0
1071 46 0 0
1071 47 0 0
1071 48 0 0
1071 49 0 0
1071 50 0 0
1081 0 0 0
1081 1 0 0
1081 2 0 0
1081 3 0 0
1081 4 0 0
1081 5 0 0
1081 6 0 0
1081 7 0 0
1081 8 0 0
1081 9 0 0
1081 10 0 0
1081 11 0 0
1081 12 0 0
1081 13 0 0
1081 14 0 0
1081 15 0 0
1081 16 0 0
1081 17 0 0
1081 18 0 0
1081 19 0 0
1081 20 0 0
1081 21 0 0
1081 22 0 0
1081 23 0 0
1081 24 0 0
1081 25 0 0
1081 26 0 0
1081 27 0 0
1081 28 0 0
1081 29 0 0
1081 30 0 0
1081 31 0 0
1081 32 0 0
1081 33 0 0
1081 34 0 0
1081 35 0 0
1081 36 0 0
1081 37 0 0
1081 38 0 0
1081 39 0 0
1081 40 0 0
1081 41 0 0
1081 42 0 0
1081 43 0 0
1081 44 0 0
1081 45 0 0
1081 46 0 0
1081 47 0 0
1081 48 0 0
1081 49 0 0
1081 50 0 0
1091 0 0 0
1091 1 0 0
1091 2 0 0
1091 3 0 0
1091 4 0 0
1091 5 0 0
1091 6 0 0
1091 7 0 0
1091 8 0 0
1091 9 0 0
1091 10 0 0
1091 11 0 0
1091 12 0 0
1091 13 0 0
1091 14 0 0
1091 15 0 0
1091 16 0 0
1091 17 0 0
1091 18 0 0
1091 19 0 0
1091 20 0 0
1091 21 0 0
1091 22 0 0
1091 23 0 0
1091 24 0 0
1091 25 0 0
1091 26 0 0
1091 27 0 0
1091 28 0 0
1091 29 0 0
1091 30 0 0
1091 31 0 0
1091 32 0 0
1091 33 0 0
1091 34 0 0
1091 35 0 0
1091 36 0 0
1091 37 0 0
1091 38 0 0
1091 39 0 0
1091 40 0 0
1091 41 0 0
1091 42 0 0
1091 43 0 0
1091 44 0 0
1091 45 0 0
1091 46 0 0
1091 47 0 0
1091 48 0 0
1091 49 0 0
1091 50 0 0
1101 0 0 0
1101 1 0 0
1101 2 0 0
1101 3 0 0
1101 4 0 0
1101 5 0 0
1101 6 0 0
1101 7 0 0
1101 8 0 0
1101 9 0 0
1101 10 0 0
1101 11 0 0
1101 12 0 0
1101 13 0 0
1101 14 0 0
1101 15 0 0
1101 16 0 0
1101 17 0 0
1101 18 0 0
1101 19 0 0
1101 20 0 0
1101 21 0 0
1101 22 0 0
1101 23 0 0
1101 24 0 0
1101 25 0 0
1101 26 0 0
1101 27 0 0
1101 28 0 0
1101 29 0 0
1101 30 0 0
1101 31 0 0
1101 32 0 0
1101 33 0 0
1101 34 0 0
1101 35 0 0
1101 36 0 0
1101 37 0 0
1101 38 0 0
1101 39 0 0
1101 40 0 0
1101 41 0 0
1101 42 0 0
1101 43 0 0
1101 44 0 0
1101 45 0 0
1101 46 0 0
1101 47 0 0
1101 48 0 0
1101 49 0 0
1101 50 0 0
1111 0 0 0
1111 1 0 0
1111 2 0 0
1111 3 0 0
1111 4 0 0
1111 5 0 0
1111 6 0 0
1111 7 0 0
1111 8 0 0
1111 9 0 0
1111 10 0 0
1111 11 0 0
1111 12 0 0
1111 13 0 0
1111 14 0 0
1111 15 0 0
1111 16 0 0
1111 17 0 0
1111 18 0 0
1111 19 0 0
1111 20 0 0
1111 21 0 0
1111 22 0 0
1111 23 0 0
1111 24 0 0
1111 25 0 0
1111 26 0 0
1111 27 0 0
1111 28 0 0
1111 29 0 0
1111 30 0 0
1111 31 0 0
1111 32 0 0
1111 33 0 0
1111 34 0 0
1111 35 0 0
1111 36 0 0
1111 37 0 0
1111 38 0 0
1111 39 0 0
1111 40 0 0
1111 41 0 0
1111 42 0 0
1111 43 0 0
1111 44 0 0
1111 45 0 0
1111 46 0 0
1111 47 0 0
1111 48 0 0
1111 49 0 0
1111 50 0 0
1121 0 0 0
1121 1 0 0
1121 2 0 0
1121 3 0 0
1121 4 0 0
1121 5 0 0
1121 6 0 0
1121 7 0 0
1121 8 0 0
1121 9 0 0
1121 10 0 0
1121 11 0 0
1121 12 0 0
1121 13 0 0
1121 14 0 0
1121 15 0 0
1121 16 0 0
1121 17 0 0
1121 18 0 0
1121 19 0 0
1121 20 0 0
1121 21 0 0
1121 22 0 0
1121 23 0 0
1121 24 0 0
1121 25 0 0
1121 26 0 0
1121 27 0 0
1121 28 0 0
1121 29 0 0
1121 30 0 0
1121 31 0 0
1121 32 0 0
1121 33 0 0
1121 34 0 0
1121 35 0 0
1121 36 0 0
1121 37 0 0
1121 38 0 0
1121 39 0 0
1121 40 0 0
1121 41 0 0
1121 42 0 0
1121 43 0 0
1121 44 0 0
1121 45 0 0
1121 46 0 0
1121 47 0 0
1121 48 0 0
1121 49 0 0
1121 50 0 0
1131 0 0 0
1131 1 0 0
1131 2 0 0
1131 3 0 0
1131 4 0 0
1131 5 0 0
1131 6 0 0
1131 7 0 0
1131 8 0 0
1131 9 0 0
1131 10 0 0
1131 11 0 0
1131 12 0 0
1131 13 0 0
1131 14 0 0
1131 15 0 0
1131 16 0 0
1131 17 0 0
1131 18 0 0
1131 19 0 0
1131 20 0 0
1131 21 0 0
1131 22 0 0
1131 23 0 0
1131 24 0 0
1131 25 0 0
1131 26 0 0
1131 27 0 0
1131 28 0 0
1131 29 0 0
1131 30 0 0
1131 31 0 0
1131 32 0 0
1131 33 0 0
1131 34 0 0
1131 35 0 0
1131 36 0 0
1131 37 0 0
1131 38 0 0
1131 39 0 0
1131 40 0 0
1131 41 0 0
1131 42 0 0
1131 43 0 0
1131 44 0 0
1131 45 0 0
1131 46 0 0
1131 47 0 0
1131 48 0 0
1131 49 0 0
1131 50 0 0
1141 0 0 0
1141 1 0 0
1141 2 0 0
1141 3 0 0
1141 4 0 0
1141 5 0 0
1141 6 0 0
1141 7 0 0
1141 8 0 0
1141 9 0 0
1141 10 0 0
1141 11 0 0
1141 12 0 0
1141 13 0 0
1141 14 0 0
1141 15 0 0
1141 16 0 0
1141 17 0 0
1141 18 0 0
1141 19 0 0
1141 20 0 0
1141 21 0 0
1141 22 0 0
1141 23 0 0
1141 24 0 0
1141 25 0 0
1141 26 0 0
1141 27 0 0
1141 28 0 0
1141 29 0 0
1141 30 0 0
1141 31 0 0
1141 32 0 0
1141 33 0 0
1141 34 0 0
1141 35 0 0
1141 36 0 0
1141 37 0 0
1141 38 0 0
1141 39 0 0
1141 40 0 0
1141 41 0 0
1141 42 0 0
1141 43 0 0
1141 44 0 0
1141 45 0 0
1141 46 0 0
1141 47 0 0
1141 48 0 0
1141 49 0 0
1141 50 0 0
1151 0 0 0
1151 1 0 0
1151 2 0 0
1151 3 0 0
1151 4 0 0
1151 5 0 0
1151 6 0 0
1151 7 0 0
1151 8 0 0
1151 9 0 0
1151 10 0 0
1151 11 0 0
1151 12 0 0
1151 13 0 0
1151 14 0 0
1151 15 0 0
1151 16 0 0
1151 17 0 0
1151 18 0 0
1151 19 0 0
1151 20 0 0
1151 21 0 0
1151 22 0 0
1151 23 0 0
1151 24 0 0
1151 25 0 0
1151 26 0 0
1151 27 0 0
1151 28 0 0
1151 29 0 0
1151 30 0 0
1151 31 0 0
1151 32 0 0
1151 33 0 0
1151 34 0 0
1151 35 0 0
1151 36 0 0
1151 37 0 0
1151 38 0 0
1151 39 0 0
1151 40 0 0
1151 41 0 0
1151 42 0 0
1151 43 0 0
1151 44 0 0
1151 45 0 0
1151 46 0 0
1151 47 0 0
1151 48 0 0
1151 49 0 0
1151 50 0 0
1161 0 0 0
1161 1 0 0
1161 2 0 0
1161 3 0 0
1161 4 0 0
1161 5 0 0
1161 6 0 0
1161 7 0 0
1161 8 0 0
1161 9 0 0
1161 10 0 0
1161 11 0 0
1161 12 0 0
1161 13 0 0
1161 14 0 0
1161 15 0 0
1161 16 0 0
1161 17 0 0
1161 18 0 0
1161 19 0 0
1161 20 0 0
1161 21 0 0
1161 22 0 0
1161 23 0 0
1161 24 0 0
1161 25 0 0
1161 26 0 0
1161 27 0 0
1161 28 0 0
1161 29 0 0
1161 30 0 0
1161 31 0 0
1161 32 0 0
1161 33 0 0
1161 34 0 0
1161 35 0 0
1161 36 0 0
1161 37 0 0
1161 38 0 0
1161 39 0 0
1161 40 0 0
1161 41 0 0
1161 42 0 0
1161 43 0 0
1161 44 0 0
1161 45 0 0
1161 46 0 0
1161 47 0 0
1161 48 0 0
1161 49 0 0
1161 50 0 0
1171 0 0 0
1171 1 0 0
1171 2 0 0
1171 3 0 0
1171 4 0 0
1171 5 0 0
1171 6 0 0
1171 7 0 0
1171 8 0 0
1171 9 0 0
1171 10 0 0
1171 11 0 0
1171 12 0 0
1171 13 0 0
1171 14 0 0
1171 15 0 0
1171 16 0 0
1171 17 0 0
1171 18 0 0
1171 19 0 0
1171 20 0 0
1171 21 0 0
1171 22 0 0
1171 23 0 0
1171 24 0 0
1171 25 0 0
1171 26 0 0
1171 27 0 0
1171 28 0 0
1171 29 0 0
1171 30 0 0
1171 31 0 0
1171 32 0 0
1171 33 0 0
1171 34 0 0
1171 35 0 0
1171 36 0 0
1171 37 0 0
1171 38 0 0
1171 39 0 0
1171 40 0 0
1171 41 0 0
1171 42 0 0
1171 43 0 0
1171 44 0 0
1171 45 0 0
1171 46 0 0
1171 47 0 0
1171 48 0 0
1171 49 0 0
1171 50 0 0
1181 0 0 0
1181 1 0 0
1181 2 0 0
1181 3 0 0
1181 4 0 0
1181 5 0 0
1181 6 0 0
1181 7 0 0
1181 8 0 0
1181 9 0 0
1181 10 0 0
1181 11 0 0
1181 12 0 0
1181 13 0 0
1181 14 0 0
1181 15 0 0
1181 16 0 0
1181 17 0 0
1181 18 0 0
1181 19 0 0
1181 20 0 0
1181 21 0 0
1181 22 0 0
1181 23 0 0
1181 24 0 0
1181 25 0 0
1181 26 0 0
1181 27 0 0
1181 28 0 0
1181 29 0 0
1181 30 0 0
1181 31 0 0
1181 32 0 0
1181 33 0 0
1181 34 0 0
1181 35 0 0
1181 36 0 0
1181 37 0 0
1181 38 0 0
1181 39 0 0
1181 40 0 0
1181 41 0 0
1181 42 0 0
1181 43 0 0
1181 44 0 0
1181 45 0 0
1181 46 0 0
1181 47 0 0
1181 48 0 0
1181 49 0 0
1181 50 0 0
1191 0 0 0
1191 1 0 0
1191 2 0 0
1191 3 0 0
1191 4 0 0
1191 5 0 0
1191 6 0 0
1191 7 0 0
1191 8 0 0
1191 9 0 0
1191 10 0 0
1191 11 0 0
1191 12 0 0
1191 13 0 0
1191 14 0 0
1191 15 0 0
1191 16 0 0
1191 17 0 0
1191 18 0 0
1191 19 0 0
1191 20 0 0
1191 21 0 0
1191 22 0 0
1191 23 0 0
1191 24 0 0
1191 25 0 0
1191 26 0 0
1191 27 0 0
1191 28 0 0
1191 29 0 0
1191 30 0 0
1191 31 0 0
1191 32 0 0
1191 33 0 0
1191 34 0 0
1191 35 0 0
1191 36 0 0
1191 37 0 0
1191 38 0 0
1191 39 0 0
1191 40 0 0
1191 41 0 0
1191 42 0 0
1191 43 0 0
1191 44 0 0
1191 45 0 0
1191 46 0 0
1191 47 0 0
1191 48 0 0
1191 49 0 0
1191 50 0 0
1201 0 0 0
1201 1 0 0
1201 2 0 0
1201 3 0 0
1201 4 0 0
1201 5 0 0
1201 6 0 0
1201 7 0 0
1201 8 0 0
1201 9 0 0
1201 10 0 0
1201 11 0 0
1201 12 0 0
1201 13 0 0
1201 14 0 0
1201 15 0 0
1201 16 0 0
1201 17 0 0
1201 18 0 0
1201 19 0 0
1201 20 0 0
1201 21 0 0
1201 22 0 0
1201 23 0 0
1201 24 0 0
1201 25 0 0
1201 26 0 0
1201 27 0 0
1201 28 0 0
1201 29 0 0
1201 30 0 0
1201 31 0 0
1201 32 0 0
1201 33 0 0
1201 34 0 0
1201 35 0 0
1201 36 0 0
1201 37 0 0
1201 38 0 0
1201 39 0 0
1201 40 0 0
1201 41 0 0
1201 42 0 0
1201 43 0 0
1201 44 0 0
1201 45 0 0
1201 46 0 0
1201 47 0 0
1201 48 0 0
1201 49 0 0
1201 50 0 0
1211 0 0 0
1211 1 0 0
1211 2 0 0
1211 3 0 0
1211 4 0 0
1211 5 0 0
1211 6 0 0
1211 7 0 0
1211 8 0 0
1211 9 0 0
1211 10 0 0
1211 11 0 0
1211 12 0 0
1211 13 0 0
1211 14 0 0
1211 15 0 0
1211 16 0 0
1211 17 0 0
1211 18 0 0
1211 19 0 0
1211 20 0 0
1211 21 0 0
1211 22 0 0
1211 23 0 0
1211 24 0 0
1211 25 0 0
1211 26 0 0
1211 27 0 0
1211 28 0 0
1211 29 0 0
1211 30 0 0
1211 31 0 0
1211 32 0 0
1211 33 0 0
1211 34 0 0
1211 35 0 0
1211 36 0 0
1211 37 0 0
1211 38 0 0
1211 39 0 0
1211 40 0 0
1211 41 0 0
1211 42 0 0
1211 43 0 0
1211 44 0 0
1211 45 0 0
1211 46 0 0
1211 47 0 0
1211 48 0 0
1211 49 0 0
1211 50 0 0
1221 0 0 0
1221 1 0 0
1221 2 0 0
1221 3 0 0
1221 4 0 0
1221 5 0 0
1221 6 0 0
1221 7 0 0
1221 8 0 0
1221 9 0 0
1221 10 0 0
1221 11 0 0
1221 12 0 0
1221 13 0 0
1221 14 0 0
1221 15 0 0
1221 16 0 0
1221 17 0 0
1221 18 0 0
1221 19 0 0
1221 20 0 0
1221 21 0 0
1221 22 0 0
1221 23 0 0
1221 24 0 0
1221 25 0 0
1221 26 0 0
1221 27 0 0
1221 28 0 0
1221 29 0 0
1221 30 0 0
1221 31 0 0
1221 32 0 0
1221 33 0 0
1221 34 0 0
1221 35 0 0
1221 36 0 0
1221 37 0 0
1221 38 0 0
1221 39 0 0
1221 40 0 0
1221 41 0 0
1221 42 0 0
1221 43 0 0
1221 44 0 0
1221 45 0 0
1221 46 0 0
1221 47 0 0
1221 48 0 0
1221 49 0 0
1221 50 0 0
1231 0 0 0
1231 1 0 0
1231 2 0 0
1231 3 0 0
1231 4 0 0
1231 5 0 0
1231 6 0 0
1231 7 0 0
1231 8 0 0
1231 9 0 0
1231 10 0 0
1231 11 0 0
1231 12 0 0
1231 13 0 0
1231 14 0 0
1231 15 0 0
1231 16 0 0
1231 17 0 0
1231 18 0 0
1231 19 0 0
1231 20 0 0
1231 21 0 0
1231 22 0 0
1231 23 0 0
1231 24 0 0
1231 25 0 0
1231 26 0 0
1231 27 0 0
1231 28 0 0
1231 29 0 0
1231 30 0 0
1231 31 0 0
1231 32 0 0
1231 33 0 0
1231 34 0 0
1231 35 0 0
1231 36 0 0
1231 37 0 0
1231 38 0 0
1231 39 0 0
1231 40 0 0
1231 41 0 0
1231 42 0 0
1231 43 0 0
1231 44 0 0
1231 45 0 0
1231 46 0 0
1231 47 0 0
1231 48 0 0
1231 49 0 0
1231 50 0 0
1241 0 0 0
1241 1 0 0
1241 2 0 0
1241 3 0 0
1241 4 0 0
1241 5 0 0
1241 6 0 0
1241 7 0 0
1241 8 0 0
1241 9 0 0
1241 10 0 0
1241 11 0 0
1241 12 0 0
1241 13 0 0
1241 14 0 0
1241 15 0 0
1241 16 0 0
1241 17 0 0
1241 18 0 0
1241 19 0 0
1241 20 0 0
1241 21 0 0
1241 22 0 0
1241 23 0 0
1241 24 0 0
1241 25 0 0
1241 26 0 0
1241 27 0 0
1241 28 0 0
1241 29 0 0
1241 30 0 0
1241 31 0 0
1241 32 0 0
1241 33 0 0
1241 34 0 0
1241 35 0 0
1241 36 0 0
1241 37 0 0
1241 38 0 0
1241 39 0 0
1241 40 0 0
1241 41 0 0
1241 42 0 0
1241 43 0 0
1241 44 0 0
1241 45 0 0
1241 46 0 0
1241 47 0 0
1241 48 0 0
1241 49 0 0
1241 50 0 0
1251 0 0 0
1251 1 0 0
1251 2 0 0
1251 3 0 0
1251 4 0 0
1251 5 0 0
1251 6 0 0
1251 7 0 0
1251 8 0 0
1251 9 0 0
1251 10 0 0
1251 11 0 0
1251 12 0 0
1251 13 0 0
1251 14 0 0
1251 15 0 0
1251 16 0 0
1251 17 0 0
1251 18 0 0
1251 19 0 0
1251 20 0 0
1251 21 0 0
1251 22 0 0
1251 23 0 0
1251 24 0 0
1251 25 0 0
1251 26 0 0
1251 27 0 0
1251 28 0 0
1251 29 0 0
1251 30 0 0
1251 31 0 0
1251 32 0 0
1251 33 0 0
1251 34 0 0
1251 35 0 0
1251 36 0 0
1251 37 0 0
1251 38 0 0
1251 39 0 0
1251 40 0 0
1251 41 0 0
1251 42 0 0
1251 43 0 0
1251 44 0 0
1251 45 0 0
1251 46 0 0
1251 47 0 0
1251 48 0 0
1251 49 0 0
1251 50 0 0
1261 0 0 0
1261 1 0 0
1261 2 0 0
1261 3 0 0
1261 4 0 0
1261 5 0 0
1261 6 0 0
1261 7 0 0
1261 8 0 0
1261 9 0 0
1261 10 0 0
1261 11 0 0
1261 12 0 0
1261 13 0 0
1261 14 0 0
1261 15 0 0
1261 16 0 0
1261 17 0 0
1261 18 0 0
1261 19 0 0
1261 20 0 0
1261 21 0 0
1261 22 0 0
1261 23 0 0
1261 24 0 0
1261 25 0 0
1261 26 0 0
1261 27 0 0
1261 28 0 0
1261 29 0 0
1261 30 0 0
1261 31 0 0
1261 32 0 0
1261 33 0 0
1261 34 0 0
1261 35 0 0
1261 36 0 0
1261 37 0 0
1261 38 0 0
1261 39 0 0
1261 40 0 0
1261 41 0 0
1261 42 0 0
1261 43 0 0
1261 44 0 0
1261 45 0 0
1261 46 0 0
1261 47 0 0
1261 48 0 0
1261 49 0 0
1261 50 0 0
1271 0 0 0
1271 1 0 0
1271 2 0 0
1271 3 0 0
1271 4 0 0
1271 5 0 0
1271 6 0 0
1271 7 0 0
1271 8 0 0
1271 9 0 0
1271 10 0 0
1271 11 0 0
1271 12 0 0
1271 13 0 0
1271 14 0 0
1271 15 0 0
1271 16 0 0
1271 17 0 0
1271 18 0 0
1271 19 0 0
1271 20 0 0
1271 21 0 0
1271 22 0 0
1271 23 0 0
1271 24 0 0
1271 25 0 0
1271 26 0 0
1271 27 0 0
1271 28 0 0
1271 29 0 0
1271 30 0 0
1271 31 0 0
1271 32 0 0
1271 33 0 0
1271 34 0 0
1271 35 0 0
1271 36 0 0
1271 37 0 0
1271 38 0 0
1271 39 0 0
1271 40 0 0
1271 41 0 0
1271 42 0 0
1271 43 0 0
1271 44 0 0
1271 45 0 0
1271 46 0 0
1271 47 0 0
1271 48 0 0
1271 49 0 0
1271 50 0 0
1281 0 0 0
1281 1 0 0
1281 2 0 0
1281 3 0 0
1281 4 0 0
1281 5 0 0
1281 6 0 0
1281 7 0 0
1281 8 0 0
1281 9 0 0
1281 10 0 0
1281 11 0 0
1281 12 0 0
1281 13 0 0
1281 14 0 0
1281 15 0 0
1281 16 0 0
1281 17 0 0
1281 18 0 0
1281 19 0 0
1281 20 0 0
1281 21 0 0
1281 22 0 0
1281 23 0 0
1281 24 0 0
1281 25 0 0
1281 26 0 0
1281 27 0 0
1281 28 0 0
1281 29 0 0
1281 30 0 0
1281 31 0 0
1281 32 0 0
1281 33 0 0
1281 34 0 0
1281 35 0 0
1281 36 0 0
1281 37 0 0
1281 38 0 0
1281 39 0 0
1281 40 0 0
1281 41 0 0
1281 42 0 0
1281 43 0 0
1281 44 0 0
1281 45 0 0
1281 46 0 0
1281 47 0 0
1281 48 0 0
1281 49 0 0
1281 50 0 0
1291 0 0 0
1291 1 0 0
1291 2 0 0
1291 3 0 0
1291 4 0 0
1291 5 0 0
1291 6 0 0
1291 7 0 0
1291 8 0 0
1291 9 0 0
1291 10 0 0
1291 11 0 0
1291 12 0 0
1291 13 0 0
1291 14 0 0
1291 15 0 0
1291 16 0 0
1291 17 0 0
1291 18 0 0
1291 19 0 0
1291 20 0 0
1291 21 0 0
1291 22 0 0
1291 23 0 0
1291 24 0 0
1291 25 0 0
1291 26 0 0
1291 27 0 0
1291 28 0 0
1291 29 0 0
1291 30 0 0
1291 31 0 0
1291 32 0 0
1291 33 0 0
1291 34 0 0
1291 35 0 0
1291 36 0 0
1291 37 0 0
1291 38 0 0
1291 39 0 0
1291 40 0 0
1291 41 0 0
1291 42 0 0
1291 43 0 0
1291 44 0 0
1291 45 0 0
1291 46 0 0
1291 47 0 0
1291 48 0 0
1291 49 0 0
1291 50 0 0
1301 0 0 0
1301 1 0 0
1301 2 0 0
1301 3 0 0
1301 4 0 0
1301 5 0 0
1301 6 0 0
1301 7 0 0
1301 8 0 0
1301 9 0 0
1301 10 0 0
1301 11 0 0
1301 12 0 0
1301 13 0 0
1301 14 0 0
1301 15 0 0
1301 16 0 0
1301 17 0 0
1301 18 0 0
1301 19 0 0
1301 20 0 0
1301 21 0 0
1301 22 0 0
1301 23 0 0
1301 24 0 0
1301 25 0 0
1301 26 0 0
1301 27 0 0
1301 28 0 0
1301 29 0 0
1301 30 0 0
1301 31 0 0
1301 32 0 0
1301 33 0 0
1301 34 0 0
1301 35 0 0
1301 36 0 0
1301 37 0 0
1301 38 0 0
1301 39 0 0
1301 40 0 0
1301 41 0 0
1301 42 0 0
1301 43 0 0
1301 44 0 0
1301 45 0 0
1301 46 0 0
1301 47 0 0
1301 48 0 0
1301 49 0 0
1301 50 0 0
1311 0 0 0
1311 1 0 0
1311 2 0 0
1311 3 0 0
1311 4 0 0
1311 5 0 0
1311 6 0 0
1311 7 0 0
1311 8 0 0
1311 9 0 0
1311 10 0 0
1311 11 0 0
1311 12 0 0
1311 13 0 0
1311 14 0 0
1311 15 0 0
1311 16 0 0
1311 17 0 0
1311 18 0 0
1311 19 0 0
1311 20 0 0
1311 21 0 0
1311 22 0 0
1311 23 0 0
1311 24 0 0
1311 25 0 0
1311 26 0 0
1311 27 0 0
1311 28 0 0
1311 29 0 0
1311 30 0 0
1311 31 0 0
1311 32 0 0
1311 33 0 0
1311 34 0 0
1311 35 0 0
1311 36 0 0
1311 37 0 0
1311 38 0 0
1311 39 0 0
1311 40 0 0
1311 41 0 0
1311 42 0 0
1311 43 0 0
1311 44 0 0
1311 45 0 0
1311 46 0 0
1311 47 0 0
1311 48 0 0
1311 49 0 0
1311 50 0 0
1321 0 0 0
1321 1 0 0
1321 2 0 0
1321 3 0 0
1321 4 0 0
1321 5 0 0
1321 6 0 0
1321 7 0 0
1321 8 0 0
1321 9 0 0
1321 10 0 0
1321 11 0 0
1321 12 0 0
1321 13 0 0
1321 14 0 0
1321 15 0 0
1321 16 0 0
1321 17 0 0
1321 18 0 0
1321 19 0 0
1321 20 0 0
1321 21 0 0
1321 22 0 0
1321 23 0 0
1321 24 0 0
1321 25 0 0
1321 26 0 0
1321 27 0 0
1321 28 0 0
1321 29 0 0
1321 30 0 0
1321 31 0 0
1321 32 0 0
1321 33 0 0
1321 34 0 0
1321 35 0 0
1321 36 0 0
1321 37 0 0
1321 38 0 0
1321 39 0 0
1321 40 0 0
1321 41 0 0
1321 42 0 0
1321 43 0 0
1321 44 0 0
1321 45 0 0
1321 46 0 0
1321 47 0 0
1321 48 0 0
1321 49 0 0
1321 50 0 0
1331 0 0 0
1331 1 0 0
1331 2 0 0
1331 3 0 0
1331 4 0 0
1331 5 0 0
1331 6 0 0
1331 7 0 0
1331 8 0 0
1331 9 0 0
1331 10 0 0
1331 11 0 0
1331 12 0 0
1331 13 0 0
1331 14 0 0
1331 15 0 0
1331 16 0 0
1331 17 0 0
1331 18 0 0
1331 19 0 0
1331 20 0 0
1331 21 0 0
1331 22 0 0
1331 23 0 0
1331 24 0 0
1331 25 0 0
1331 26 0 0
1331 27 0 0
1331 28 0 0
1331 29 0 0
1331 30 0 0
1331 31 0 0
1331 32 0 0
1331 33 0 0
1331 34 0 0
1331 35 0 0
1331 36 0 0
1331 37 0 0
1331 38 0 0
1331 39 0 0
1331 40 0 0
1331 41 0 0
1331 42 0 0
1331 43 0 0
1331 44 0 0
1331 45 0 0
1331 46 0 0
1331 47 0 0
1331 48 0 0
1331 49 0 0
1331 50 0 0
1341 0 0 0
1341 1 0 0
1341 2 0 0
1341 3 0 0
1341 4 0 0
1341 5 0 0
1341 6 0 0
1341 7 0 0
1341 8 0 0
1341 9 0 0
1341 10 0 0
1341 11 0 0
1341 12 0 0
1341 13 0 0
1341 14 0 0
1341 15 0 0
1341 16 0 0
1341 17 0 0
1341 18 0 0
1341 19 0 0
1341 20 0 0
1341 21 0 0
1341 22 0 0
1341 23 0 0
1341 24 0 0
1341 25 0 0
1341 26 0 0
1341 27 0 0
1341 28 0 0
1341 29 0 0
1341 30 0 0
1341 31 0 0
1341 32 0 0
1341 33 0 0
1341 34 0 0
1341 35 0 0
1341 36 0 0
1341 37 0 0
1341 38 0 0
1341 39 0 0
1341 40 0 0
1341 41 0 0
1341 42 0 0
1341 43 0 0
1341 44 0 0
1341 45 0 0
1341 46 0 0
1341 47 0 0
1341 48 0 0
1341 49 0 0
1341 50 0 0
1351 0 0 0
1351 1 0 0
1351 2 0 0
1351 3 0 0
1351 4 0 0
1351 5 0 0
1351 6 0 0
1351 7 0 0
1351 8 0 0
1351 9 0 0
1351 10 0 0
1351 11 0 0
1351 12 0 0
1351 13 0 0
1351 14 0 0
1351 15 0 0
1351 16 0 0
1351 17 0 0
1351 18 0 0
1351 19 0 0
1351 20 0 0
1351 21 0 0
1351 22 0 0
1351 23 0 0
1351 24 0 0
1351 25 0 0
1351 26 0 0
1351 27 0 0
1351 28 0 0
1351 29 0 0
1351 30 0 0
1351 31 0 0
1351 32 0 0
1351 33 0 0
1351 34 0 0
1351 35 0 0
1351 36 0 0
1351 37 0 0
1351 38 0 0
1351 39 0 0
1351 40 0 0
1351 41 0 0
1351 42 0 0
1351 43 0 0
1351 44 0 0
1351 45 0 0
1351 46 0 0
1351 47 0 0
1351 48 0 0
1351 49 0 0
1351 50 0 0
1361 0 0 0
1361 1 0 0
1361 2 0 0
1361 3 0 0
1361 4 0 0
1361 5 0 0
1361 6 0 0
1361 7 0 0
1361 8 0 0
1361 9 0 0
1361 10 0 0
1361 11 0 0
1361 12 0 0
1361 13 0 0
1361 14 0 0
1361 15 0 0
1361 16 0 0
1361 17 0 0
1361 18 0 0
1361 19 0 0
1361 20 0 0
1361 21 0 0
1361 22 0 0
1361 23 0 0
1361 24 0 0
1361 25 0 0
1361 26 0 0
1361 27 0 0
1361 28 0 0
1361 29 0 0
1361 30 0 0
1361 31 0 0
1361 32 0 0
1361 33 0 0
1361 34 0 0
1361 35 0 0
1361 36 0 0
1361 37 0 0
1361 38 0 0
1361 39 0 0
1361 40 0 0
1361 41 0 0
1361 42 0 0
1361 43 0 0
1361 44 0 0
1361 45 0 0
1361 46 0 0
1361 47 0 0
1361 48 0 0
1361 49 0 0
1361 50 0 0
1371 0 0 0
1371 1 0 0
1371 2 0 0
1371 3 0 0
1371 4 0 0
1371 5 0 0
1371 6 0 0
1371 7 0 0
1371 8 0 0
1371 9 0 0
1371 10 0 0
1371 11 0 0
1371 12 0 0
1371 13 0 0
1371 14 0 0
1371 15 0 0
1371 16 0 0
1371 17 0 0
1371 18 0 0
1371 19 0 0
1371 20 0 0
1371 21 0 0
1371 22 0 0
1371 23 0 0
1371 24 0 0
1371 25 0 0
1371 26 0 0
1371 27 0 0
1371 28 0 0
1371 29 0 0
1371 30 0 0
1371 31 0 0
1371 32 0 0
1371 33 0 0
1371 34 0 0
1371 35 0 0
1371 36 0 0
1371 37 0 0
1371 38 0 0
1371 39 0 0
1371 40 0 0
1371 41 0 0
1371 42 0 0
1371 43 0 0
1371 44 0 0
1371 45 0 0
1371 46 0 0
1371 47 0 0
1371 48 0 0
1371 49 0 0
1371 50 0 0
1381 0 0 0
1381 1 0 0
1381 2 0 0
1381 3 0 0
1381 4 0 0
1381 5 0 0
1381 6 0 0
1381 7 0 0
1381 8 0 0
1381 9 0 0
1381 10 0 0
1381 11 0 0
1381 12 0 0
1381 13 0 0
1381 14 0 0
1381 15 0 0
1381 16 0 0
1381 17 0 0
1381 18 0 0
1381 19 0 0
1381 20 0 0
1381 21 0 0
1381 22 0 0
1381 23 0 0
1381 24 0 0
1381 25 0 0
1381 26 0 0
1381 27 0 0
1381 28 0 0
1381 29 0 0
1381 30 0 0
1381 31 0 0
1381 32 0 0
1381 33 0 0
1381 34 0 0
1381 35 0 0
1381 36 0 0
1381 37 0 0
1381 38 0 0
1381 39 0 0
1381 40 0 0
1381 41 0 0
1381 42 0 0
1381 43 0 0
1381 44 0 0
1381 45 0 0
1381 46 0 0
1381 47 0 0
1381 48 0 0
1381 49 0 0
1381 50 0 0
1391 0 0 0
1391 1 0 0
1391 2 0 0
1391 3 0 0
1391 4 0 0
1391 5 0 0
1391 6 0 0
1391 7 0 0
1391 8 0 0
1391 9 0 0
1391 10 0 0
1391 11 0 0
1391 12 0 0
1391 13 0 0
1391 14 0 0
1391 15 0 0
1391 16 0 0
1391 17 0 0
1391 18 0 0
1391 19 0 0
1391 20 0 0
1391 21 0 0
1391 22 0 0
1391 23 0 0
1391 24 0 0
1391 25 0 0
1391 26 0 0
1391 27 0 0
1391 28 0 0
1391 29 0 0
1391 30 0 0
1391 31 0 0
1391 32 0 0
1391 33 0 0
1391 34 0 0
1391 35 0 0
1391 36 0 0
1391 37 0 0
1391 38 0 0
1391 39 0 0
1391 40 0 0
1391 41 0 0
1391 42 0 0
1391 43 0 0
1391 44 0 0
1391 45 0 0
1391 46 0 0
1391 47 0 0
1391 48 0 0
1391 49 0 0
1391 50 0 0
1401 0 0 0
1401 1 0 0
1401 2 0 0
1401 3 0 0
1401 4 0 0
1401 5 0 0
1401 6 0 0
1401 7 0 0
1401 8 0 0
1401 9 0 0
1401 10 0 0
1401 11 0 0
1401 12 0 0
1401 13 0 0
1401 14 0 0
1401 15 0 0
1401 16 0 0
1401 17 0 0
1401 18 0 0
1401 19 0 0
1401 20 0 0
1401 21 0 0
1401 22 0 0
1401 23 0 0
1401 24 0 0
1401 25 0 0
1401 26 0 0
1401 27 0 0
1401 28 0 0
1401 29 0 0
1401 30 0 0
1401 31 0 0
1401 32 0 0
1401 33 0 0
1401 34 0 0
1401 35 0 0
1401 36 0 0
1401 37 0 0
1401 38 0 0
1401 39 0 0
1401 40 0 0
1401 41 0 0
1401 42 0 0
1401 43 0 0
1401 44 0 0
1401 45 0 0
1401 46 0 0
1401 47 0 0
1401 48 0 0
1401 49 0 0
1401 50 0 0
1411 0 0 0
1411 1 0 0
1411 2 0 0
1411 3 0 0
1411 4 0 0
1411 5 0 0
1411 6 0 0
1411 7 0 0
1411 8 0 0
1411 9 0 0
1411 10 0 0
1411 11 0 0
1411 12 0 0
1411 13 0 0
1411 14 0 0
1411 15 0 0
1411 16 0 0
1411 17 0 0
1411 18 0 0
1411 19 0 0
1411 20 0 0
1411 21 0 0
1411 22 0 0
1411 23 0 0
1411 24 0 0
1411 25 0 0
1411 26 0 0
1411 27 0 0
1411 28 0 0
1411 29 0 0
1411 30 0 0
1411 31 0 0
1411 32 0 0
1411 33 0 0
1411 34 0 0
1411 35 0 0
1411 36 0 0
1411 37 0 0
1411 38 0 0
1411 39 0 0
1411 40 0 0
1411 41 0 0
1411 42 0 0
1411 43 0 0
1411 44 0 0
1411 45 0 0
1411 46 0 0
1411 47 0 0
1411 48 0 0
1411 49 0 0
1411 50 0 0
1421 0 0 0
1421 1 0 0
1421 2 0 0
1421 3 0 0
1421 4 0 0
1421 5 0 0
1421 6 0 0
1421 7 0 0
1421 8 0 0
1421 9 0 0
1421 10 0 0
1421 11 0 0
1421 12 0 0
1421 13 0 0
1421 14 0 0
1421 15 0 0
1421 16 0 0
1421 17 0 0
1421 18 0 0
1421 19 0 0
1421 20 0 0
1421 21 0 0
1421 22 0 0
1421 23 0 0
1421 24 0 0
1421 25 0 0
1421 26 0 0
1421 27 0 0
1421 28 0 0
1421 29 0 0
1421 30 0 0
1421 31 0 0
1421 32 0 0
1421 33 0 0
1421 34 0 0
1421 35 0 0
1421 36 0 0
1421 37 0 0
1421 38 0 0
1421 39 0 0
1421 40 0 0
1421 41 0 0
1421 42 0 0
1421 43 0 0
1421 44 0 0
1421 45 0 0
1421 46 0 0
1421 47 0 0
1421 48 0 0
1421 49 0 0
1421 50 0 0
1431 0 0 0
1431 1 0 0
1431 2 0 0
1431 3 0 0
1431 4 0 0
1431 5 0 0
1431 6 0 0
1431 7 0 0
1431 8 0 0
1431 9 0 0
1431 10 0 0
1431 11 0 0
1431 12 0 0
1431 13 0 0
1431 14 0 0
1431 15 0 0
1431 16 0 0
1431 17 0 0
1431 18 0 0
1431 19 0 0
1431 20 0 0
1431 21 0 0
1431 22 0 0
1431 23 0 0
1431 24 0 0
1431 25 0 0
1431 26 0 0
1431 27 0 0
1431 28 0 0
1431 29 0 0
1431 30 0 0
1431 31 0 0
1431 32 0 0
1431 33 0 0
1431 34 0 0
1431 35 0 0
1431 36 0 0
1431 37 0 0
1431 38 0 0
1431 39 0 0
1431 40 0 0
1431 41 0 0
1431 42 0 0
1431 43 0 0
1431 44 0 0
1431 45 0 0
1431 46 0 0
1431 47 0 0
1431 48 0 0
1431 49 0 0
1431 50 0 0
1441 0 0 0
1441 1 0 0
1441 2 0 0
1441 3 0 0
1441 4 0 0
1441 5 0 0
1441 6 0 0
1441 7 0 0
1441 8 0 0
1441 9 0 0
1441 10 0 0
1441 11 0 0
1441 12 0 0
1441 13 0 0
1441 14 0 0
1441 15 0 0
1441 16 0 0
1441 17 0 0
1441 18 0 0
1441 19 0 0
1441 20 0 0
1441 21 0 0
1441 22 0 0
1441 23 0 0
1441 24 0 0
1441 25 0 0
1441 26 0 0
1441 27 0 0
1441 28 0 0
1441 29 0 0
1441 30 0 0
1441 31 0 0
1441 32 0 0
1441 33 0 0
1441 34 0 0
1441 35 0 0
1441 36 0 0
1441 37 0 0
1441 38 0 0
1441 39 0 0
1441 40 0 0
1441 41 0 0
1441 42 0 0
1441 43 0 0
1441 44 0 0
1441 45 0 0
1441 46 0 0
1441 47 0 0
1441 48 0 0
1441 49 0 0
1441 50 0 0
1451 0 0 0
1451 1 0 0
1451 2 0 0
1451 3 0 0
1451 4 0 0
1451 5 0 0
1451 6 0 0
1451 7 0 0
1451 8 0 0
1451 9 0 0
1451 10 0 0
1451 11 0 0
1451 12 0 0
1451 13 0 0
1451 14 0 0
1451 15 0 0
1451 16 0 0
1451 17 0 0
1451 18 0 0
1451 19 0 0
1451 20 0 0
1451 21 0 0
1451 22 0 0
1451 23 0 0
1451 24 0 0
1451 25 0 0
1451 26 0 0
1451 27 0 0
1451 28 0 0
1451 29 0 0
1451 30 0 0
1451 31 0 0
1451 32 0 0
1451 33 0 0
1451 34 0 0
1451 35 0 0
1451 36 0 0
1451 37 0 0
1451 38 0 0
1451 39 0 0
1451 40 0 0
1451 41 0 0
1451 42 0 0
1451 43 0 0
1451 44 0 0
1451 45 0 0
1451 46 0 0
1451 47 0 0
1451 48 0 0
1451 49 0 0
1451 50 0 0
1461 0 0 0
1461 1 0 0
1461 2 0 0
1461 3 0 0
1461 4 0 0
1461 5 0 0
1461 6 0 0
1461 7 0 0
1461 8 0 0
1461 9 0 0
1461 10 0 0
1461 11 0 0
1461 12 0 0
1461 13 0 0
1461 14 0 0
1461 15 0 0
1461 16 0 0
1461 17 0 0
1461 18 0 0
1461 19 0 0
1461 20 0 0
1461 21 0 0
1461 22 0 0
1461 23 0 0
1461 24 0 0
1461 25 0 0
1461 26 0 0
1461 27 0 0
1461 28 0 0
1461 29 0 0
1461 30 0 0
1461 31 0 0
1461 32 0 0
1461 33 0 0
1461 34 0 0
1461 35 0 0
1461 36 0 0
1461 37 0 0
1461 38 0 0
1461 39 0 0
1461 40 0 0
1461 41 0 0
1461 42 0 0
1461 43 0 0
1461 44 0 0
1461 45 0 0
1461 46 0 0
1461 47 0 0
1461 48 0 0
1461 49 0 0
1461 50 0 0
1471 0 0 0
1471 1 0 0
1471 2 0 0
1471 3 0 0
1471 4 0 0
1471 5 0 0
1471 6 0 0
1471 7 0 0
1471 8 0 0
1471 9 0 0
1471 10 0 0
1471 11 0 0
1471 12 0 0
1471 13 0 0
1471 14 0 0
1471 15 0 0
1471 16 0 0
1471 17 0 0
1471 18 0 0
1471 19 0 0
1471 20 0 0
1471 21 0 0
1471 22 0 0
1471 23 0 0
1471 24 0 0
1471 25 0 0
1471 26 0 0
1471 27 0 0
1471 28 0 0
1471 29 0 0
1471 30 0 0
1471 31 0 0
1471 32 0 0
1471 33 0 0
1471 34 0 0
1471 35 0 0
1471 36 0 0
1471 37 0 0
1471 38 0 0
1471 39 0 0
1471 40 0 0
1471 41 0 0
1471 42 0 0
1471 43 0 0
1471 44 0 0
1471 45 0 0
1471 46 0 0
1471 47 0 0
1471 48 0 0
1471 49 0 0
1471 50 0 0
1481 0 0 0
1481 1 0 0
1481 2 0 0
1481 3 0 0
1481 4 0 0
1481 5 0 0
1481 6 0 0
1481 7 0 0
1481 8 0 0
1481 9 0 0
1481 10 0 0
1481 11 0 0
1481 12 0 0
1481 13 0 0
1481 14 0 0
1481 15 0 0
1481 16 0 0
1481 17 0 0
1481 18 0 0
1481 19 0 0
1481 20 0 0
1481 21 0 0
1481 22 0 0
1481 23 0 0
1481 24 0 0
1481 25 0 0
1481 26 0 0
1481 27 0 0
1481 28 0 0
1481 29 0 0
1481 30 0 0
1481 31 0 0
1481 32 0 0
1481 33 0 0
1481 34 0 0
1481 35 0 0
1481 36 0 0
1481 37 0 0
1481 38 0 0
1481 39 0 0
1481 40 0 0
1481 41 0 0
1481 42 0 0
1481 43 0 0
1481 44 0 0
1481 45 0 0
1481 46 0 0
1481 47 0 0
1481 48 0 0
1481 49 0 0
1481 50 0 0
1491 0 0 0
1491 1 0 0
1491 2 0 0
1491 3 0 0
1491 4 0 0
1491 5 0 0
1491 6 0 0
1491 7 0 0
1491 8 0 0
1491 9 0 0
1491 10 0 0
1491 11 0 0
1491 12 0 0
1491 13 0 0
1491 14 0 0
1491 15 0 0
1491 16 0 0
1491 17 0 0
1491 18 0 0
1491 19 0 0
1491 20 0 0
1491 21 0 0
1491 22 0 0
1491 23 0 0
1491 24 0 0
1491 25 0 0
1491 26 0 0
1491 27 0 0
1491 28 0 0
1491 29 0 0
1491 30 0 0
1491 31 0 0
1491 32 0 0
1491 33 0 0
1491 34 0 0
1491 35 0 0
1491 36 0 0
1491 37 0 0
1491 38 0 0
1491 39 0 0
1491 40 0 0
1491 41 0 0
1491 42 0 0
1491 43 0 0
1491 44 0 0
1491 45 0 0
1491 46 0 0
1491 47 0 0
1491 48 0 0
1491 49 0 0
1491 50 0 0
