501 0 0 0
501 1 99 903
501 2 96 915
501 3 65 933
501 4 71 942
501 5 67 937
501 6 82 928
501 7 80 923
501 8 91 912
501 9 100 907
501 10 49 955
501 11 75 925
501 12 93 905
501 13 95 907
501 14 74 930
501 15 101 902
501 16 52 959
501 17 70 940
501 18 83 927
501 19 90 913
501 20 80 923
501 21 74 928
501 22 100 899
501 23 85 921
501 24 84 922
501 25 109 898
501 26 90 923
501 27 73 933
501 28 60 936
501 29 87 919
501 30 65 927
501 31 72 934
501 32 74 927
501 33 70 929
501 34 76 926
501 35 74 933
501 36 69 936
501 37 89 918
501 38 84 926
501 39 76 929
501 40 51 952
501 41 91 921
501 42 70 931
501 43 79 928
501 44 95 912
501 45 84 910
501 46 73 934
501 47 101 916
501 48 86 927
501 49 83 926
501 50 71 941
506 0 0 0
506 1 72 932
506 2 88 914
506 3 77 929
506 4 94 904
506 5 98 905
506 6 72 920
506 7 93 902
506 8 89 920
506 9 96 901
506 10 52 944
506 11 104 904
506 12 75 933
506 13 90 916
506 14 107 894
506 15 75 930
506 16 69 933
506 17 102 905
506 18 89 911
506 19 100 906
506 20 95 905
506 21 102 902
506 22 87 918
506 23 117 886
506 24 99 908
506 25 74 934
506 26 91 913
506 27 82 932
506 28 62 947
506 29 103 905
506 30 106 903
506 31 128 875
506 32 75 933
506 33 77 927
506 34 76 930
506 35 63 938
506 36 116 886
506 37 97 909
506 38 91 916
506 39 95 914
506 40 99 909
506 41 113 891
506 42 101 901
506 43 108 906
506 44 113 888
506 45 78 929
506 46 86 917
506 47 102 907
506 48 58 939
506 49 58 945
506 50 115 884
511 0 0 0
511 1 114 892
511 2 124 878
511 3 110 901
511 4 113 888
511 5 108 899
511 6 156 847
511 7 148 855
511 8 145 867
511 9 130 876
511 10 134 880
511 11 108 900
511 12 124 879
511 13 146 858
511 14 147 856
511 15 152 856
511 16 146 860
511 17 128 871
511 18 166 827
511 19 115 891
511 20 138 871
511 21 123 881
511 22 124 881
511 23 138 858
511 24 131 874
511 25 140 871
511 26 141 865
511 27 104 900
511 28 133 871
511 29 139 870
511 30 138 878
511 31 122 886
511 32 108 904
511 33 129 871
511 34 156 844
511 35 116 881
511 36 122 887
511 37 147 860
511 38 111 886
511 39 137 869
511 40 141 865
511 41 117 881
511 42 126 885
511 43 117 877
511 44 133 875
511 45 154 847
511 46 138 858
511 47 132 871
511 48 170 842
511 49 105 894
511 50 150 857
516 0 0 0
516 1 265 735
516 2 239 768
516 3 266 746
516 4 318 686
516 5 250 746
516 6 258 744
516 7 277 735
516 8 298 702
516 9 341 668
516 10 286 715
516 11 317 692
516 12 302 691
516 13 208 792
516 14 302 698
516 15 333 676
516 16 237 768
516 17 290 715
516 18 300 703
516 19 244 762
516 20 286 721
516 21 282 721
516 22 236 768
516 23 245 765
516 24 325 682
516 25 298 707
516 26 255 749
516 27 271 735
516 28 275 733
516 29 331 676
516 30 260 743
516 31 301 711
516 32 307 706
516 33 302 703
516 34 286 722
516 35 269 740
516 36 262 740
516 37 357 646
516 38 308 692
516 39 271 732
516 40 262 742
516 41 299 713
516 42 263 738
516 43 277 732
516 44 295 704
516 45 290 712
516 46 276 718
516 47 308 696
516 48 318 691
516 49 267 741
516 50 251 761
521 0 0 0
521 1 626 373
521 2 684 322
521 3 680 329
521 4 683 322
521 5 553 450
521 6 709 299
521 7 636 365
521 8 708 297
521 9 724 281
521 10 683 326
521 11 674 327
521 12 689 315
521 13 746 260
521 14 722 283
521 15 668 338
521 16 742 270
521 17 696 302
521 18 658 349
521 19 692 307
521 20 684 315
521 21 688 314
521 22 750 251
521 23 698 308
521 24 652 344
521 25 668 338
521 26 749 263
521 27 684 310
521 28 733 269
521 29 727 274
521 30 704 302
521 31 722 286
521 32 727 272
521 33 719 283
521 34 665 345
521 35 723 288
521 36 711 282
521 37 709 299
521 38 706 302
521 39 722 282
521 40 719 284
521 41 747 255
521 42 760 253
521 43 703 295
521 44 657 342
521 45 723 278
521 46 704 299
521 47 732 271
521 48 698 307
521 49 687 321
521 50 682 331
526 0 0 0
526 1 91 921
526 2 122 875
526 3 125 880
526 4 74 931
526 5 97 905
526 6 125 868
526 7 118 889
526 8 112 894
526 9 126 882
526 10 141 865
526 11 90 923
526 12 118 889
526 13 94 915
526 14 117 881
526 15 116 891
526 16 110 901
526 17 73 933
526 18 71 935
526 19 84 917
526 20 82 916
526 21 112 886
526 22 103 903
526 23 90 921
526 24 120 884
526 25 120 877
526 26 101 897
526 27 121 872
526 28 105 897
526 29 123 879
526 30 134 868
526 31 66 939
526 32 117 891
526 33 104 903
526 34 119 886
526 35 119 892
526 36 104 896
526 37 122 872
526 38 122 885
526 39 98 907
526 40 103 904
526 41 94 908
526 42 124 884
526 43 116 886
526 44 137 869
526 45 119 886
526 46 133 871
526 47 99 913
526 48 127 877
526 49 136 869
526 50 141 874
531 0 0 0
531 1 118 892
531 2 80 922
531 3 91 922
531 4 90 911
531 5 97 909
531 6 93 914
531 7 93 910
531 8 64 937
531 9 65 939
531 10 88 919
531 11 66 937
531 12 74 930
531 13 67 938
531 14 70 934
531 15 90 923
531 16 73 932
531 17 79 923
531 18 79 932
531 19 80 927
531 20 74 927
531 21 61 938
531 22 71 933
531 23 98 909
531 24 60 950
531 25 94 906
531 26 85 915
531 27 82 921
531 28 74 929
531 29 67 937
531 30 86 920
531 31 72 928
531 32 82 927
531 33 133 874
531 34 71 937
531 35 123 885
531 36 114 888
531 37 106 899
531 38 88 912
531 39 63 943
531 40 103 896
531 41 93 901
531 42 67 939
531 43 87 913
531 44 59 942
531 45 82 921
531 46 87 916
531 47 97 912
531 48 73 925
531 49 69 939
531 50 60 946
536 0 0 0
536 1 101 907
536 2 102 909
536 3 118 883
536 4 108 896
536 5 107 892
536 6 73 932
536 7 92 917
536 8 120 892
536 9 74 934
536 10 91 913
536 11 94 912
536 12 82 926
536 13 105 895
536 14 116 893
536 15 110 897
536 16 66 944
536 17 105 902
536 18 96 907
536 19 76 931
536 20 84 915
536 21 90 915
536 22 82 920
536 23 93 919
536 24 105 903
536 25 78 930
536 26 91 912
536 27 111 896
536 28 89 919
536 29 78 924
536 30 77 923
536 31 103 907
536 32 92 903
536 33 117 885
536 34 97 911
536 35 133 877
536 36 86 920
536 37 108 910
536 38 119 888
536 39 76 930
536 40 92 913
536 41 105 897
536 42 102 901
536 43 116 895
536 44 84 917
536 45 77 928
536 46 89 917
536 47 102 906
536 48 90 911
536 49 92 911
536 50 105 903
541 0 0 0
541 1 147 853
541 2 170 836
541 3 124 881
541 4 119 895
541 5 162 836
541 6 180 828
541 7 133 858
541 8 143 857
541 9 160 836
541 10 118 888
541 11 145 854
541 12 182 829
541 13 161 843
541 14 151 850
541 15 147 851
541 16 167 831
541 17 143 860
541 18 135 871
541 19 154 858
541 20 124 878
541 21 149 853
541 22 151 852
541 23 151 849
541 24 150 852
541 25 149 851
541 26 132 877
541 27 156 850
541 28 125 873
541 29 120 890
541 30 153 856
541 31 150 852
541 32 132 871
541 33 133 877
541 34 154 852
541 35 185 819
541 36 130 878
541 37 183 818
541 38 167 838
541 39 139 862
541 40 162 841
541 41 138 862
541 42 170 830
541 43 158 856
541 44 152 852
541 45 134 874
541 46 141 859
541 47 147 861
541 48 151 851
541 49 168 834
541 50 120 882
546 0 0 0
546 1 366 643
546 2 399 603
546 3 340 662
546 4 311 684
546 5 388 615
546 6 437 567
546 7 324 678
546 8 392 613
546 9 464 538
546 10 413 596
546 11 465 541
546 12 398 605
546 13 418 591
546 14 400 606
546 15 411 594
546 16 369 640
546 17 441 563
546 18 399 607
546 19 348 662
546 20 360 642
546 21 329 681
546 22 375 624
546 23 368 637
546 24 340 663
546 25 383 622
546 26 373 632
546 27 455 549
546 28 345 662
546 29 425 581
546 30 430 570
546 31 448 549
546 32 462 546
546 33 389 609
546 34 409 596
546 35 363 640
546 36 415 583
546 37 474 526
546 38 381 619
546 39 372 633
546 40 363 647
546 41 420 584
546 42 371 635
546 43 426 572
546 44 391 620
546 45 363 644
546 46 386 618
546 47 374 627
546 48 393 606
546 49 388 612
546 50 335 671
551 0 0 0
551 1 607 395
551 2 714 294
551 3 649 350
551 4 679 330
551 5 754 256
551 6 738 264
551 7 562 442
551 8 723 276
551 9 576 429
551 10 675 332
551 11 701 307
551 12 667 342
551 13 701 289
551 14 674 331
551 15 725 278
551 16 723 280
551 17 685 322
551 18 606 393
551 19 604 404
551 20 596 401
551 21 612 388
551 22 570 430
551 23 695 304
551 24 698 302
551 25 731 266
551 26 672 334
551 27 698 302
551 28 683 316
551 29 679 327
551 30 639 367
551 31 663 342
551 32 685 324
551 33 623 385
551 34 588 415
551 35 651 355
551 36 744 254
551 37 663 351
551 38 532 475
551 39 662 335
551 40 737 263
551 41 720 292
551 42 685 314
551 43 722 284
551 44 687 319
551 45 695 305
551 46 596 409
551 47 675 330
551 48 675 328
551 49 675 328
551 50 721 279
556 0 0 0
556 1 88 916
556 2 84 928
556 3 66 938
556 4 88 913
556 5 102 901
556 6 104 899
556 7 99 903
556 8 103 900
556 9 73 938
556 10 88 906
556 11 103 904
556 12 93 911
556 13 74 926
556 14 130 881
556 15 83 916
556 16 101 909
556 17 140 865
556 18 92 910
556 19 109 895
556 20 112 897
556 21 59 947
556 22 130 870
556 23 100 899
556 24 65 944
556 25 75 921
556 26 87 913
556 27 66 938
556 28 69 931
556 29 97 911
556 30 103 900
556 31 94 912
556 32 123 877
556 33 117 891
556 34 80 927
556 35 69 937
556 36 95 909
556 37 79 924
556 38 106 895
556 39 102 892
556 40 97 909
556 41 73 927
556 42 126 883
556 43 118 887
556 44 99 905
556 45 82 922
556 46 106 901
556 47 112 893
556 48 84 925
556 49 85 923
556 50 51 951
561 0 0 0
561 1 79 922
561 2 104 904
561 3 74 931
561 4 86 922
561 5 113 889
561 6 106 895
561 7 67 934
561 8 67 939
561 9 88 911
561 10 88 922
561 11 79 927
561 12 61 948
561 13 79 923
561 14 77 930
561 15 54 956
561 16 91 911
561 17 62 944
561 18 61 943
561 19 47 953
561 20 79 932
561 21 89 911
561 22 105 893
561 23 82 918
561 24 74 926
561 25 51 947
561 26 75 928
561 27 76 933
561 28 105 899
561 29 84 921
561 30 69 937
561 31 75 924
561 32 95 915
561 33 120 887
561 34 64 939
561 35 75 926
561 36 49 962
561 37 92 912
561 38 109 897
561 39 82 922
561 40 78 928
561 41 88 924
561 42 89 915
561 43 87 921
561 44 89 903
561 45 60 941
561 46 96 906
561 47 86 922
561 48 109 897
561 49 86 917
561 50 106 900
566 0 0 0
566 1 63 940
566 2 98 895
566 3 86 920
566 4 74 925
566 5 98 910
566 6 91 916
566 7 110 887
566 8 96 903
566 9 104 902
566 10 120 882
566 11 83 918
566 12 58 945
566 13 88 919
566 14 81 922
566 15 117 888
566 16 86 920
566 17 87 915
566 18 84 920
566 19 84 915
566 20 95 908
566 21 60 941
566 22 90 917
566 23 69 935
566 24 101 901
566 25 81 929
566 26 90 910
566 27 90 914
566 28 75 931
566 29 73 930
566 30 90 913
566 31 83 918
566 32 88 916
566 33 98 912
566 34 78 925
566 35 91 912
566 36 68 937
566 37 103 904
566 38 111 892
566 39 115 897
566 40 113 894
566 41 84 912
566 42 111 888
566 43 96 909
566 44 95 906
566 45 73 933
566 46 97 907
566 47 94 906
566 48 125 880
566 49 94 904
566 50 100 899
571 0 0 0
571 1 117 880
571 2 133 873
571 3 143 863
571 4 108 894
571 5 115 897
571 6 92 920
571 7 102 893
571 8 145 851
571 9 122 876
571 10 133 874
571 11 152 859
571 12 93 916
571 13 119 883
571 14 134 870
571 15 97 903
571 16 106 898
571 17 105 898
571 18 101 911
571 19 94 913
571 20 131 875
571 21 137 869
571 22 109 892
571 23 114 892
571 24 152 848
571 25 84 912
571 26 130 872
571 27 135 864
571 28 120 890
571 29 143 863
571 30 115 886
571 31 120 878
571 32 125 879
571 33 138 864
571 34 96 911
571 35 102 909
571 36 128 875
571 37 157 843
571 38 139 870
571 39 151 853
571 40 158 838
571 41 86 918
571 42 144 862
571 43 109 896
571 44 140 869
571 45 114 897
571 46 133 879
571 47 109 892
571 48 98 909
571 49 116 890
571 50 125 877
576 0 0 0
576 1 185 820
576 2 253 746
576 3 223 779
576 4 197 802
576 5 218 787
576 6 259 744
576 7 229 780
576 8 214 794
576 9 281 725
576 10 220 779
576 11 243 755
576 12 224 778
576 13 216 788
576 14 206 802
576 15 260 751
576 16 209 793
576 17 316 687
576 18 213 793
576 19 198 797
576 20 223 788
576 21 235 776
576 22 293 714
576 23 271 731
576 24 228 780
576 25 228 775
576 26 189 821
576 27 302 700
576 28 222 782
576 29 247 756
576 30 222 768
576 31 252 754
576 32 244 763
576 33 230 779
576 34 246 757
576 35 188 812
576 36 211 788
576 37 226 785
576 38 214 794
576 39 206 799
576 40 230 778
576 41 247 745
576 42 271 729
576 43 234 769
576 44 210 798
576 45 247 755
576 46 240 763
576 47 252 755
576 48 252 752
576 49 220 787
576 50 230 770
581 0 0 0
581 1 605 407
581 2 616 389
581 3 617 391
581 4 643 362
581 5 662 343
581 6 637 364
581 7 667 340
581 8 623 387
581 9 575 432
581 10 658 344
581 11 624 380
581 12 642 359
581 13 632 375
581 14 641 356
581 15 636 376
581 16 664 345
581 17 664 344
581 18 601 405
581 19 644 363
581 20 654 349
581 21 660 348
581 22 620 383
581 23 632 368
581 24 644 362
581 25 663 342
581 26 645 364
581 27 687 317
581 28 660 348
581 29 679 330
581 30 675 329
581 31 671 337
581 32 624 379
581 33 646 355
581 34 657 347
581 35 595 406
581 36 653 348
581 37 679 327
581 38 638 365
581 39 640 364
581 40 625 378
581 41 664 333
581 42 654 339
581 43 631 379
581 44 616 394
581 45 617 392
581 46 648 357
581 47 637 371
581 48 636 364
581 49 652 354
581 50 642 366
586 0 0 0
586 1 715 286
586 2 383 618
586 3 496 511
586 4 337 656
586 5 387 610
586 6 418 590
586 7 307 705
586 8 428 579
586 9 411 593
586 10 388 614
586 11 349 653
586 12 338 662
586 13 452 550
586 14 378 618
586 15 406 596
586 16 285 716
586 17 326 674
586 18 477 533
586 19 388 612
586 20 393 610
586 21 378 624
586 22 373 636
586 23 420 585
586 24 367 641
586 25 512 499
586 26 390 612
586 27 392 609
586 28 493 519
586 29 395 610
586 30 335 674
586 31 381 622
586 32 318 686
586 33 417 586
586 34 401 594
586 35 357 642
586 36 385 624
586 37 342 664
586 38 380 623
586 39 421 581
586 40 379 629
586 41 420 581
586 42 409 594
586 43 338 670
586 44 403 600
586 45 419 594
586 46 411 591
586 47 379 631
586 48 419 585
586 49 355 649
586 50 389 614
591 0 0 0
591 1 61 887
591 2 128 872
591 3 113 891
591 4 104 902
591 5 113 894
591 6 135 869
591 7 111 892
591 8 91 914
591 9 96 910
591 10 83 921
591 11 105 898
591 12 70 938
591 13 100 896
591 14 69 936
591 15 97 914
591 16 80 926
591 17 105 900
591 18 89 911
591 19 104 893
591 20 92 909
591 21 82 922
591 22 140 861
591 23 122 887
591 24 107 894
591 25 85 914
591 26 98 905
591 27 71 928
591 28 93 914
591 29 94 910
591 30 90 913
591 31 96 906
591 32 86 919
591 33 106 903
591 34 99 908
591 35 89 913
591 36 88 910
591 37 87 921
591 38 114 886
591 39 123 877
591 40 68 934
591 41 114 893
591 42 82 917
591 43 80 926
591 44 92 902
591 45 57 943
591 46 90 911
591 47 111 894
591 48 76 930
591 49 73 932
591 50 84 925
596 0 0 0
596 1 64 938
596 2 62 939
596 3 86 922
596 4 97 910
596 5 79 917
596 6 83 918
596 7 71 936
596 8 76 931
596 9 94 908
596 10 91 909
596 11 80 922
596 12 73 929
596 13 83 910
596 14 80 916
596 15 70 929
596 16 110 890
596 17 99 906
596 18 53 947
596 19 89 923
596 20 66 941
596 21 74 926
596 22 83 928
596 23 95 909
596 24 98 906
596 25 70 936
596 26 85 928
596 27 83 921
596 28 93 919
596 29 78 930
596 30 74 935
596 31 137 867
596 32 72 930
596 33 97 905
596 34 95 908
596 35 84 919
596 36 80 917
596 37 105 902
596 38 103 905
596 39 96 903
596 40 99 906
596 41 56 942
596 42 68 941
596 43 74 935
596 44 51 951
596 45 86 921
596 46 85 922
596 47 99 902
596 48 71 933
596 49 70 942
596 50 71 941
601 0 0 0
601 1 96 911
601 2 118 894
601 3 68 940
601 4 100 900
601 5 93 917
601 6 83 912
601 7 85 924
601 8 77 930
601 9 90 916
601 10 70 932
601 11 71 925
601 12 124 881
601 13 101 906
601 14 73 931
601 15 101 906
601 16 97 903
601 17 105 898
601 18 93 913
601 19 78 937
601 20 91 911
601 21 93 909
601 22 90 913
601 23 98 904
601 24 100 902
601 25 58 941
601 26 78 918
601 27 121 885
601 28 110 898
601 29 72 932
601 30 85 916
601 31 109 899
601 32 99 903
601 33 109 890
601 34 55 946
601 35 106 897
601 36 92 909
601 37 102 903
601 38 103 890
601 39 104 898
601 40 64 945
601 41 72 926
601 42 92 920
601 43 75 923
601 44 100 897
601 45 65 942
601 46 91 915
601 47 97 911
601 48 105 893
601 49 88 918
601 50 82 921
606 0 0 0
606 1 81 921
606 2 113 889
606 3 119 881
606 4 121 880
606 5 113 893
606 6 111 891
606 7 129 872
606 8 111 892
606 9 90 906
606 10 122 881
606 11 114 895
606 12 113 890
606 13 128 876
606 14 100 902
606 15 81 921
606 16 96 911
606 17 126 877
606 18 105 894
606 19 112 885
606 20 110 896
606 21 72 925
606 22 131 869
606 23 88 910
606 24 113 895
606 25 122 869
606 26 122 875
606 27 119 886
606 28 85 922
606 29 135 869
606 30 96 911
606 31 113 886
606 32 112 900
606 33 111 892
606 34 111 902
606 35 111 894
606 36 89 915
606 37 118 890
606 38 85 916
606 39 109 893
606 40 98 905
606 41 99 903
606 42 104 898
606 43 136 871
606 44 124 884
606 45 83 927
606 46 137 868
606 47 99 895
606 48 111 893
606 49 129 879
606 50 118 883
611 0 0 0
611 1 133 877
611 2 175 832
611 3 208 787
611 4 221 783
611 5 174 832
611 6 177 831
611 7 175 820
611 8 192 818
611 9 168 833
611 10 176 833
611 11 205 800
611 12 180 827
611 13 191 804
611 14 173 833
611 15 221 788
611 16 197 807
611 17 178 832
611 18 204 809
611 19 230 778
611 20 171 840
611 21 179 835
611 22 160 847
611 23 201 798
611 24 158 848
611 25 173 834
611 26 248 754
611 27 195 812
611 28 178 828
611 29 189 816
611 30 216 787
611 31 197 809
611 32 248 753
611 33 174 829
611 34 199 806
611 35 237 767
611 36 183 821
611 37 164 842
611 38 205 797
611 39 180 824
611 40 208 792
611 41 156 850
611 42 198 799
611 43 209 790
611 44 195 806
611 45 201 803
611 46 217 783
611 47 190 821
611 48 207 799
611 49 177 824
611 50 165 842
616 0 0 0
616 1 517 491
616 2 457 548
616 3 528 471
616 4 516 480
616 5 500 505
616 6 531 470
616 7 479 523
616 8 523 480
616 9 487 515
616 10 543 453
616 11 521 482
616 12 496 511
616 13 485 517
616 14 513 495
616 15 502 501
616 16 499 500
616 17 536 468
616 18 496 502
616 19 533 469
616 20 583 419
616 21 492 511
616 22 497 508
616 23 428 568
616 24 504 495
616 25 485 521
616 26 502 505
616 27 484 520
616 28 434 563
616 29 516 489
616 30 534 472
616 31 512 488
616 32 458 546
616 33 535 466
616 34 506 492
616 35 533 472
616 36 571 423
616 37 548 456
616 38 436 563
616 39 464 535
616 40 565 436
616 41 547 451
616 42 533 469
616 43 567 442
616 44 500 500
616 45 501 506
616 46 524 481
616 47 488 520
616 48 527 473
616 49 512 496
616 50 551 449
621 0 0 0
621 1 918 88
621 2 813 197
621 3 558 445
621 4 564 443
621 5 685 317
621 6 618 381
621 7 605 394
621 8 526 477
621 9 612 394
621 10 633 376
621 11 604 394
621 12 522 484
621 13 621 383
621 14 681 324
621 15 644 359
621 16 594 411
621 17 572 437
621 18 510 494
621 19 634 372
621 20 647 354
621 21 676 327
621 22 655 351
621 23 513 491
621 24 660 343
621 25 692 312
621 26 639 371
621 27 689 318
621 28 617 390
621 29 553 447
621 30 594 401
621 31 687 308
621 32 598 403
621 33 596 405
621 34 649 357
621 35 595 408
621 36 667 339
621 37 584 422
621 38 573 430
621 39 533 467
621 40 551 454
621 41 646 355
621 42 552 451
621 43 553 454
621 44 647 352
621 45 599 399
621 46 637 360
621 47 572 430
621 48 599 405
621 49 577 422
621 50 607 404
626 0 0 0
626 1 25 351
626 2 99 782
626 3 113 896
626 4 157 841
626 5 118 881
626 6 131 868
626 7 117 879
626 8 100 903
626 9 156 842
626 10 141 862
626 11 181 825
626 12 207 790
626 13 109 892
626 14 119 884
626 15 139 867
626 16 125 882
626 17 159 850
626 18 95 901
626 19 189 820
626 20 151 851
626 21 92 913
626 22 135 872
626 23 217 792
626 24 151 858
626 25 214 789
626 26 161 839
626 27 150 844
626 28 132 874
626 29 104 901
626 30 159 843
626 31 100 898
626 32 129 868
626 33 107 897
626 34 88 916
626 35 129 865
626 36 175 821
626 37 143 857
626 38 169 833
626 39 90 913
626 40 164 843
626 41 121 880
626 42 138 864
626 43 170 838
626 44 167 837
626 45 128 875
626 46 115 889
626 47 164 844
626 48 194 816
626 49 164 848
626 50 134 870
631 0 0 0
631 1 47 951
631 2 74 928
631 3 92 912
631 4 105 896
631 5 86 916
631 6 84 912
631 7 78 923
631 8 120 877
631 9 76 927
631 10 98 906
631 11 81 923
631 12 74 934
631 13 71 939
631 14 101 901
631 15 49 950
631 16 62 944
631 17 86 917
631 18 116 886
631 19 70 938
631 20 97 907
631 21 84 921
631 22 70 942
631 23 67 946
631 24 60 936
631 25 80 921
631 26 83 930
631 27 100 907
631 28 101 898
631 29 100 904
631 30 74 932
631 31 104 908
631 32 92 913
631 33 107 897
631 34 70 933
631 35 68 935
631 36 113 890
631 37 89 920
631 38 77 925
631 39 103 908
631 40 76 937
631 41 105 909
631 42 66 942
631 43 97 906
631 44 83 922
631 45 92 921
631 46 71 934
631 47 57 954
631 48 54 960
631 49 80 917
631 50 105 901
636 0 0 0
636 1 42 963
636 2 43 966
636 3 81 927
636 4 74 928
636 5 61 947
636 6 73 933
636 7 86 916
636 8 83 919
636 9 98 915
636 10 78 927
636 11 94 908
636 12 83 923
636 13 115 895
636 14 92 911
636 15 70 937
636 16 72 926
636 17 78 925
636 18 79 922
636 19 71 939
636 20 99 907
636 21 99 906
636 22 76 935
636 23 88 911
636 24 83 920
636 25 56 952
636 26 62 940
636 27 88 917
636 28 70 938
636 29 77 927
636 30 49 949
636 31 121 882
636 32 76 931
636 33 92 914
636 34 83 928
636 35 88 916
636 36 86 915
636 37 88 912
636 38 50 952
636 39 100 903
636 40 103 895
636 41 51 950
636 42 107 896
636 43 84 921
636 44 97 905
636 45 75 935
636 46 69 929
636 47 113 882
636 48 69 933
636 49 105 896
636 50 77 923
641 0 0 0
641 1 44 962
641 2 81 916
641 3 72 931
641 4 84 917
641 5 79 922
641 6 94 911
641 7 76 929
641 8 97 907
641 9 71 932
641 10 96 913
641 11 86 922
641 12 87 924
641 13 95 916
641 14 80 918
641 15 72 932
641 16 95 910
641 17 89 920
641 18 59 950
641 19 61 937
641 20 57 947
641 21 91 915
641 22 90 917
641 23 69 937
641 24 105 891
641 25 124 882
641 26 116 889
641 27 67 938
641 28 87 920
641 29 89 921
641 30 99 901
641 31 104 907
641 32 93 916
641 33 88 912
641 34 79 926
641 35 75 930
641 36 90 915
641 37 75 929
641 38 87 913
641 39 92 917
641 40 106 895
641 41 82 926
641 42 94 906
641 43 87 918
641 44 60 943
641 45 81 925
641 46 77 920
641 47 96 901
641 48 93 914
641 49 108 895
641 50 81 918
646 0 0 0
646 1 64 940
646 2 85 919
646 3 119 883
646 4 114 884
646 5 152 848
646 6 119 887
646 7 89 909
646 8 108 907
646 9 91 914
646 10 125 878
646 11 138 864
646 12 79 915
646 13 132 870
646 14 134 870
646 15 123 879
646 16 67 943
646 17 115 877
646 18 108 899
646 19 99 907
646 20 99 911
646 21 91 915
646 22 117 889
646 23 115 887
646 24 96 905
646 25 109 895
646 26 101 898
646 27 101 905
646 28 122 882
646 29 124 880
646 30 121 887
646 31 106 899
646 32 100 901
646 33 119 888
646 34 102 902
646 35 90 916
646 36 81 934
646 37 108 889
646 38 108 894
646 39 82 911
646 40 101 898
646 41 111 898
646 42 99 905
646 43 104 904
646 44 106 903
646 45 99 908
646 46 107 887
646 47 102 910
646 48 105 899
646 49 114 891
646 50 124 879
651 0 0 0
651 1 127 883
651 2 91 911
651 3 115 884
651 4 127 872
651 5 168 841
651 6 171 832
651 7 138 866
651 8 182 824
651 9 178 824
651 10 154 852
651 11 146 857
651 12 145 850
651 13 141 865
651 14 163 844
651 15 140 859
651 16 147 849
651 17 160 837
651 18 179 814
651 19 165 837
651 20 164 834
651 21 169 831
651 22 159 847
651 23 146 858
651 24 150 852
651 25 137 872
651 26 173 828
651 27 145 856
651 28 212 793
651 29 139 858
651 30 175 833
651 31 172 830
651 32 144 850
651 33 185 810
651 34 148 860
651 35 160 842
651 36 156 853
651 37 142 858
651 38 157 846
651 39 171 833
651 40 208 799
651 41 157 847
651 42 189 801
651 43 165 833
651 44 192 816
651 45 166 842
651 46 164 835
651 47 148 858
651 48 171 830
651 49 112 895
651 50 177 831
656 0 0 0
656 1 409 605
656 2 320 688
656 3 353 659
656 4 365 634
656 5 335 672
656 6 497 504
656 7 325 674
656 8 368 637
656 9 460 550
656 10 364 647
656 11 380 620
656 12 343 666
656 13 423 574
656 14 312 693
656 15 416 584
656 16 402 608
656 17 411 590
656 18 375 631
656 19 335 670
656 20 369 641
656 21 429 580
656 22 423 585
656 23 466 545
656 24 352 650
656 25 396 608
656 26 413 591
656 27 341 665
656 28 423 583
656 29 367 641
656 30 416 590
656 31 407 593
656 32 391 614
656 33 336 668
656 34 400 608
656 35 408 596
656 36 435 576
656 37 418 588
656 38 379 630
656 39 422 578
656 40 386 603
656 41 407 602
656 42 395 607
656 43 408 594
656 44 360 639
656 45 338 667
656 46 382 628
656 47 377 631
656 48 391 609
656 49 308 699
656 50 402 598
661 0 0 0
661 1 934 75
661 2 875 125
661 3 785 221
661 4 805 205
661 5 770 235
661 6 763 242
661 7 753 254
661 8 787 220
661 9 734 270
661 10 790 222
661 11 771 231
661 12 703 301
661 13 664 338
661 14 712 297
661 15 684 311
661 16 736 262
661 17 750 262
661 18 767 234
661 19 716 287
661 20 789 205
661 21 768 235
661 22 676 328
661 23 677 331
661 24 779 222
661 25 740 264
661 26 744 262
661 27 781 223
661 28 796 207
661 29 716 294
661 30 706 300
661 31 703 306
661 32 740 265
661 33 773 230
661 34 743 257
661 35 727 286
661 36 755 255
661 37 728 280
661 38 781 222
661 39 735 269
661 40 689 316
661 41 760 238
661 42 763 247
661 43 746 263
661 44 769 236
661 45 751 259
661 46 716 293
661 47 636 364
661 48 748 258
661 49 748 256
661 50 718 292
666 0 0 0
666 1 0 0
666 2 505 224
666 3 651 304
666 4 467 456
666 5 313 675
666 6 369 634
666 7 302 703
666 8 288 720
666 9 237 760
666 10 263 730
666 11 286 716
666 12 210 798
666 13 227 779
666 14 320 682
666 15 199 804
666 16 359 642
666 17 267 736
666 18 350 649
666 19 215 791
666 20 335 666
666 21 280 724
666 22 270 741
666 23 296 702
666 24 267 732
666 25 235 777
666 26 182 822
666 27 325 676
666 28 344 660
666 29 286 723
666 30 142 867
666 31 255 751
666 32 227 781
666 33 140 861
666 34 247 749
666 35 385 618
666 36 198 809
666 37 266 739
666 38 336 667
666 39 356 648
666 40 229 779
666 41 201 794
666 42 229 766
666 43 305 700
666 44 300 703
666 45 275 730
666 46 233 773
666 47 254 752
666 48 374 628
666 49 236 771
666 50 234 773
671 0 0 0
671 1 28 378
671 2 52 836
671 3 82 825
671 4 92 906
671 5 149 850
671 6 131 877
671 7 126 881
671 8 116 893
671 9 116 888
671 10 90 906
671 11 127 872
671 12 116 885
671 13 92 912
671 14 99 905
671 15 97 904
671 16 153 859
671 17 139 873
671 18 145 855
671 19 109 891
671 20 103 900
671 21 148 862
671 22 94 911
671 23 146 862
671 24 98 906
671 25 136 866
671 26 131 877
671 27 70 929
671 28 107 901
671 29 99 907
671 30 120 875
671 31 117 883
671 32 162 842
671 33 107 891
671 34 167 844
671 35 115 884
671 36 132 867
671 37 125 877
671 38 98 906
671 39 171 825
671 40 123 875
671 41 137 866
671 42 178 829
671 43 132 865
671 44 106 907
671 45 144 860
671 46 178 826
671 47 126 870
671 48 114 895
671 49 105 903
671 50 175 827
676 0 0 0
676 1 48 955
676 2 51 962
676 3 51 956
676 4 71 920
676 5 49 956
676 6 59 947
676 7 78 926
676 8 69 932
676 9 102 902
676 10 64 937
676 11 92 913
676 12 84 919
676 13 82 919
676 14 115 886
676 15 103 906
676 16 64 945
676 17 78 930
676 18 112 894
676 19 111 888
676 20 114 894
676 21 54 947
676 22 91 916
676 23 98 901
676 24 79 921
676 25 86 917
676 26 82 928
676 27 107 896
676 28 66 937
676 29 89 923
676 30 138 865
676 31 96 909
676 32 71 928
676 33 90 921
676 34 105 898
676 35 103 906
676 36 65 924
676 37 99 911
676 38 106 896
676 39 126 877
676 40 91 907
676 41 101 903
676 42 82 918
676 43 100 903
676 44 64 935
676 45 104 899
676 46 88 912
676 47 77 931
676 48 95 908
676 49 96 910
676 50 76 928
681 0 0 0
681 1 61 948
681 2 25 972
681 3 61 949
681 4 76 934
681 5 67 929
681 6 89 907
681 7 70 929
681 8 48 955
681 9 69 933
681 10 97 898
681 11 78 936
681 12 72 932
681 13 70 926
681 14 78 931
681 15 78 930
681 16 114 894
681 17 66 938
681 18 106 895
681 19 73 930
681 20 84 912
681 21 71 939
681 22 82 925
681 23 79 927
681 24 62 942
681 25 92 911
681 26 104 893
681 27 82 923
681 28 75 924
681 29 80 926
681 30 77 926
681 31 79 932
681 32 87 918
681 33 81 920
681 34 93 920
681 35 84 919
681 36 102 897
681 37 74 932
681 38 84 924
681 39 103 904
681 40 69 936
681 41 120 881
681 42 74 933
681 43 70 934
681 44 65 938
681 45 59 948
681 46 58 947
681 47 83 919
681 48 89 920
681 49 92 916
681 50 85 916
686 0 0 0
686 1 0 0
686 2 73 932
686 3 58 957
686 4 82 925
686 5 74 931
686 6 81 924
686 7 85 917
686 8 86 923
686 9 77 932
686 10 98 908
686 11 105 901
686 12 104 906
686 13 73 935
686 14 104 896
686 15 92 915
686 16 96 904
686 17 83 919
686 18 78 927
686 19 105 904
686 20 106 903
686 21 81 916
686 22 90 916
686 23 70 932
686 24 80 923
686 25 76 924
686 26 111 895
686 27 84 920
686 28 113 888
686 29 114 896
686 30 95 910
686 31 83 927
686 32 83 925
686 33 78 934
686 34 69 938
686 35 57 947
686 36 67 941
686 37 89 920
686 38 97 904
686 39 100 905
686 40 88 914
686 41 78 930
686 42 80 929
686 43 109 897
686 44 95 910
686 45 58 943
686 46 86 908
686 47 63 938
686 48 59 944
686 49 83 923
686 50 52 954
691 0 0 0
691 1 54 947
691 2 80 918
691 3 76 928
691 4 62 935
691 5 87 917
691 6 107 901
691 7 86 923
691 8 75 930
691 9 84 908
691 10 77 918
691 11 120 890
691 12 81 923
691 13 89 915
691 14 96 909
691 15 104 897
691 16 94 906
691 17 84 918
691 18 78 927
691 19 120 881
691 20 75 926
691 21 92 909
691 22 78 932
691 23 87 916
691 24 99 910
691 25 96 907
691 26 109 896
691 27 85 920
691 28 109 890
691 29 98 914
691 30 103 895
691 31 82 923
691 32 98 908
691 33 80 927
691 34 108 895
691 35 70 932
691 36 117 882
691 37 82 927
691 38 80 928
691 39 109 896
691 40 105 905
691 41 94 909
691 42 74 934
691 43 98 911
691 44 101 906
691 45 80 926
691 46 96 897
691 47 96 912
691 48 88 918
691 49 109 892
691 50 86 925
696 0 0 0
696 1 123 871
696 2 83 928
696 3 81 916
696 4 92 917
696 5 92 910
696 6 126 883
696 7 123 883
696 8 132 868
696 9 122 874
696 10 143 869
696 11 102 904
696 12 99 898
696 13 118 891
696 14 112 890
696 15 135 860
696 16 100 900
696 17 114 889
696 18 111 899
696 19 137 868
696 20 126 865
696 21 100 900
696 22 118 897
696 23 142 857
696 24 133 874
696 25 126 884
696 26 117 883
696 27 119 888
696 28 115 894
696 29 155 842
696 30 120 879
696 31 146 853
696 32 117 882
696 33 140 865
696 34 154 848
696 35 143 856
696 36 120 888
696 37 161 847
696 38 130 874
696 39 157 845
696 40 153 850
696 41 112 885
696 42 131 871
696 43 135 854
696 44 165 842
696 45 120 879
696 46 91 911
696 47 153 852
696 48 128 882
696 49 103 905
696 50 110 892
701 0 0 0
701 1 0 0
701 2 338 663
701 3 286 719
701 4 217 790
701 5 231 778
701 6 252 752
701 7 208 793
701 8 265 736
701 9 267 736
701 10 255 747
701 11 231 777
701 12 230 768
701 13 251 752
701 14 234 771
701 15 225 785
701 16 271 737
701 17 265 741
701 18 248 759
701 19 237 769
701 20 242 767
701 21 236 770
701 22 299 704
701 23 222 779
701 24 213 782
701 25 244 756
701 26 249 757
701 27 208 792
701 28 213 797
701 29 300 698
701 30 254 749
701 31 274 739
701 32 250 755
701 33 224 778
701 34 272 734
701 35 292 710
701 36 263 742
701 37 262 743
701 38 242 764
701 39 288 719
701 40 225 777
701 41 232 774
701 42 230 778
701 43 263 749
701 44 232 772
701 45 252 749
701 46 249 752
701 47 243 763
701 48 269 733
701 49 261 750
701 50 258 738
706 0 0 0
706 1 0 0
706 2 834 168
706 3 831 177
706 4 714 281
706 5 697 306
706 6 642 361
706 7 648 351
706 8 626 385
706 9 689 318
706 10 636 359
706 11 625 383
706 12 646 355
706 13 611 390
706 14 639 362
706 15 682 323
706 16 623 386
706 17 629 376
706 18 645 363
706 19 621 379
706 20 644 360
706 21 622 383
706 22 615 395
706 23 632 376
706 24 655 351
706 25 590 415
706 26 702 304
706 27 622 383
706 28 686 317
706 29 630 380
706 30 632 381
706 31 620 380
706 32 646 364
706 33 650 350
706 34 596 402
706 35 647 355
706 36 656 346
706 37 606 397
706 38 639 369
706 39 628 380
706 40 650 360
706 41 655 348
706 42 641 355
706 43 600 403
706 44 641 362
706 45 635 373
706 46 623 374
706 47 665 340
706 48 645 366
706 49 629 371
706 50 620 383
711 0 0 0
711 1 0 0
711 2 957 49
711 3 938 68
711 4 906 97
711 5 880 121
711 6 805 203
711 7 785 212
711 8 711 292
711 9 694 306
711 10 586 420
711 11 624 383
711 12 652 353
711 13 706 301
711 14 550 459
711 15 640 359
711 16 553 455
711 17 657 341
711 18 625 379
711 19 698 309
711 20 587 418
711 21 641 358
711 22 679 331
711 23 605 406
711 24 568 438
711 25 611 392
711 26 690 308
711 27 578 431
711 28 614 390
711 29 689 316
711 30 641 356
711 31 660 343
711 32 566 433
711 33 635 373
711 34 598 411
711 35 615 393
711 36 554 448
711 37 596 411
711 38 590 412
711 39 646 360
711 40 661 348
711 41 554 447
711 42 589 408
711 43 679 326
711 44 583 425
711 45 612 380
711 46 578 427
711 47 647 358
711 48 686 322
711 49 563 439
711 50 689 311
716 0 0 0
716 1 0 0
716 2 0 0
716 3 7 247
716 4 33 322
716 5 129 415
716 6 145 596
716 7 218 710
716 8 226 702
716 9 313 685
716 10 182 803
716 11 213 791
716 12 289 715
716 13 290 719
716 14 250 747
716 15 250 740
716 16 283 723
716 17 206 792
716 18 217 784
716 19 210 782
716 20 210 789
716 21 132 870
716 22 242 766
716 23 237 769
716 24 224 780
716 25 259 747
716 26 281 725
716 27 279 727
716 28 209 790
716 29 314 691
716 30 136 865
716 31 234 766
716 32 136 870
716 33 263 734
716 34 277 733
716 35 205 801
716 36 211 785
716 37 278 726
716 38 176 824
716 39 272 733
716 40 303 697
716 41 216 789
716 42 308 690
716 43 299 705
716 44 157 856
716 45 236 762
716 46 289 720
716 47 190 816
716 48 202 794
716 49 230 777
716 50 230 776
721 0 0 0
721 1 0 0
721 2 0 0
721 3 18 694
721 4 16 864
721 5 111 845
721 6 88 870
721 7 154 848
721 8 91 909
721 9 126 879
721 10 91 915
721 11 146 857
721 12 192 812
721 13 139 866
721 14 118 889
721 15 171 828
721 16 87 914
721 17 150 850
721 18 149 849
721 19 152 862
721 20 155 849
721 21 102 893
721 22 114 887
721 23 154 854
721 24 130 876
721 25 135 866
721 26 157 848
721 27 128 881
721 28 121 882
721 29 192 815
721 30 141 863
721 31 123 879
721 32 126 877
721 33 89 914
721 34 127 877
721 35 185 820
721 36 96 910
721 37 112 891
721 38 128 878
721 39 161 837
721 40 248 759
721 41 164 837
721 42 129 878
721 43 132 875
721 44 149 857
721 45 95 914
721 46 92 906
721 47 144 862
721 48 198 805
721 49 110 894
721 50 136 871
726 0 0 0
726 1 0 0
726 2 52 958
726 3 33 968
726 4 55 948
726 5 27 980
726 6 58 947
726 7 71 933
726 8 86 924
726 9 76 919
726 10 109 900
726 11 72 933
726 12 85 912
726 13 80 922
726 14 91 912
726 15 79 921
726 16 105 891
726 17 87 921
726 18 114 894
726 19 71 936
726 20 62 942
726 21 66 941
726 22 74 927
726 23 77 927
726 24 62 941
726 25 85 923
726 26 103 893
726 27 100 908
726 28 96 914
726 29 139 869
726 30 80 926
726 31 97 908
726 32 79 915
726 33 110 887
726 34 98 913
726 35 80 925
726 36 93 919
726 37 65 932
726 38 61 936
726 39 121 883
726 40 65 940
726 41 80 920
726 42 121 882
726 43 97 909
726 44 74 928
726 45 82 921
726 46 74 928
726 47 52 952
726 48 114 885
726 49 67 929
726 50 87 927
731 0 0 0
731 1 0 0
731 2 61 941
731 3 57 946
731 4 54 951
731 5 31 965
731 6 74 928
731 7 46 962
731 8 43 967
731 9 61 940
731 10 55 947
731 11 84 918
731 12 91 917
731 13 52 954
731 14 65 948
731 15 50 959
731 16 61 953
731 17 48 961
731 18 96 911
731 19 103 893
731 20 45 954
731 21 74 922
731 22 52 941
731 23 113 881
731 24 67 946
731 25 130 877
731 26 66 938
731 27 93 907
731 28 128 875
731 29 70 940
731 30 82 921
731 31 89 919
731 32 89 912
731 33 54 956
731 34 85 925
731 35 90 918
731 36 72 930
731 37 80 931
731 38 36 971
731 39 102 909
731 40 82 908
731 41 73 925
731 42 56 947
731 43 68 941
731 44 94 906
731 45 88 922
731 46 112 889
731 47 92 921
731 48 56 947
731 49 71 931
731 50 53 952
736 0 0 0
736 1 0 0
736 2 39 964
736 3 57 947
736 4 54 951
736 5 50 951
736 6 79 924
736 7 70 936
736 8 43 960
736 9 85 923
736 10 85 918
736 11 80 931
736 12 68 939
736 13 84 915
736 14 87 912
736 15 59 937
736 16 56 942
736 17 97 899
736 18 58 942
736 19 73 933
736 20 58 952
736 21 74 933
736 22 84 919
736 23 84 917
736 24 64 943
736 25 86 917
736 26 76 925
736 27 49 961
736 28 68 931
736 29 76 930
736 30 71 932
736 31 66 942
736 32 68 934
736 33 62 947
736 34 51 945
736 35 53 958
736 36 68 935
736 37 74 925
736 38 74 925
736 39 65 937
736 40 68 937
736 41 59 946
736 42 91 914
736 43 89 916
736 44 85 928
736 45 71 934
736 46 66 933
736 47 66 940
736 48 69 935
736 49 75 930
736 50 105 901
741 0 0 0
741 1 0 0
741 2 50 962
741 3 43 970
741 4 44 954
741 5 47 962
741 6 63 944
741 7 72 932
741 8 69 932
741 9 63 937
741 10 88 907
741 11 77 928
741 12 59 949
741 13 53 949
741 14 80 930
741 15 66 940
741 16 56 948
741 17 77 925
741 18 71 938
741 19 95 909
741 20 69 931
741 21 72 936
741 22 68 939
741 23 72 937
741 24 71 937
741 25 78 921
741 26 83 919
741 27 83 916
741 28 126 872
741 29 74 930
741 30 78 923
741 31 95 907
741 32 78 925
741 33 78 930
741 34 89 916
741 35 66 932
741 36 95 917
741 37 111 897
741 38 68 936
741 39 79 924
741 40 102 903
741 41 55 955
741 42 49 953
741 43 70 941
741 44 78 929
741 45 92 909
741 46 81 924
741 47 91 913
741 48 89 905
741 49 82 924
741 50 112 887
746 0 0 0
746 1 0 0
746 2 59 942
746 3 73 930
746 4 69 923
746 5 70 932
746 6 60 943
746 7 58 944
746 8 98 911
746 9 78 930
746 10 116 885
746 11 98 906
746 12 71 934
746 13 100 905
746 14 98 905
746 15 104 898
746 16 106 903
746 17 123 877
746 18 104 898
746 19 94 909
746 20 113 892
746 21 88 913
746 22 105 892
746 23 94 905
746 24 113 891
746 25 97 916
746 26 102 905
746 27 101 903
746 28 87 923
746 29 100 898
746 30 102 901
746 31 118 880
746 32 73 928
746 33 95 903
746 34 78 931
746 35 94 912
746 36 107 895
746 37 92 903
746 38 104 899
746 39 97 895
746 40 78 933
746 41 105 900
746 42 107 899
746 43 94 906
746 44 109 895
746 45 111 895
746 46 111 895
746 47 82 922
746 48 107 897
746 49 100 901
746 50 105 899
751 0 0 0
751 1 0 0
751 2 0 0
751 3 181 821
751 4 123 877
751 5 126 885
751 6 123 884
751 7 117 888
751 8 123 888
751 9 126 862
751 10 115 883
751 11 126 873
751 12 141 868
751 13 131 872
751 14 119 885
751 15 159 843
751 16 155 848
751 17 152 847
751 18 136 862
751 19 153 854
751 20 127 885
751 21 121 885
751 22 139 865
751 23 134 874
751 24 140 863
751 25 145 862
751 26 122 879
751 27 160 846
751 28 134 874
751 29 136 864
751 30 147 858
751 31 112 886
751 32 159 850
751 33 143 864
751 34 147 856
751 35 116 889
751 36 130 876
751 37 140 863
751 38 142 863
751 39 137 866
751 40 135 871
751 41 137 873
751 42 141 865
751 43 138 867
751 44 109 894
751 45 137 876
751 46 154 851
751 47 123 884
751 48 128 877
751 49 153 847
751 50 159 841
756 0 0 0
756 1 0 0
756 2 0 0
756 3 576 429
756 4 0 0
756 5 411 594
756 6 350 656
756 7 264 744
756 8 241 760
756 9 332 686
756 10 243 762
756 11 233 773
756 12 283 722
756 13 275 737
756 14 273 731
756 15 271 730
756 16 273 726
756 17 297 707
756 18 251 753
756 19 251 748
756 20 271 741
756 21 316 691
756 22 275 720
756 23 273 731
756 24 260 749
756 25 289 717
756 26 275 731
756 27 276 735
756 28 279 718
756 29 289 712
756 30 318 683
756 31 291 718
756 32 245 761
756 33 275 728
756 34 274 730
756 35 285 720
756 36 248 759
756 37 278 722
756 38 276 728
756 39 284 723
756 40 265 737
756 41 267 733
756 42 273 735
756 43 279 728
756 44 261 737
756 45 258 748
756 46 290 708
756 47 322 682
756 48 257 751
756 49 272 736
756 50 281 727
761 0 0 0
761 1 0 0
761 2 914 92
761 3 882 118
761 4 872 122
761 5 863 137
761 6 849 163
761 7 809 188
761 8 748 260
761 9 702 308
761 10 653 348
761 11 646 353
761 12 706 300
761 13 718 287
761 14 629 382
761 15 684 311
761 16 655 348
761 17 659 343
761 18 709 289
761 19 691 317
761 20 700 303
761 21 708 300
761 22 665 333
761 23 731 279
761 24 671 340
761 25 707 302
761 26 680 317
761 27 683 319
761 28 687 318
761 29 692 316
761 30 689 313
761 31 653 344
761 32 651 353
761 33 700 306
761 34 699 301
761 35 716 292
761 36 685 319
761 37 694 314
761 38 686 322
761 39 663 348
761 40 678 332
761 41 647 364
761 42 710 291
761 43 655 348
761 44 653 349
761 45 677 327
761 46 683 320
761 47 691 312
761 48 650 344
761 49 692 310
761 50 653 350
766 0 0 0
766 1 0 0
766 2 0 0
766 3 961 46
766 4 731 275
766 5 946 50
766 6 939 65
766 7 928 72
766 8 896 97
766 9 850 153
766 10 826 177
766 11 842 160
766 12 787 215
766 13 672 324
766 14 772 229
766 15 738 264
766 16 648 359
766 17 703 306
766 18 674 324
766 19 638 365
766 20 633 377
766 21 616 390
766 22 606 400
766 23 668 340
766 24 639 365
766 25 624 383
766 26 688 323
766 27 657 354
766 28 652 356
766 29 698 300
766 30 655 345
766 31 646 362
766 32 692 311
766 33 605 399
766 34 629 378
766 35 615 389
766 36 533 476
766 37 617 375
766 38 608 403
766 39 650 352
766 40 617 382
766 41 635 368
766 42 591 415
766 43 628 375
766 44 664 344
766 45 599 404
766 46 680 327
766 47 609 388
766 48 649 358
766 49 632 371
766 50 587 421
771 0 0 0
771 1 0 0
771 2 0 0
771 3 0 0
771 4 5 93
771 5 5 142
771 6 24 129
771 7 53 198
771 8 54 261
771 9 227 378
771 10 108 506
771 11 225 460
771 12 177 510
771 13 353 614
771 14 236 623
771 15 363 632
771 16 355 632
771 17 291 701
771 18 330 663
771 19 273 667
771 20 192 769
771 21 264 736
771 22 275 730
771 23 348 653
771 24 284 717
771 25 290 708
771 26 329 671
771 27 313 692
771 28 315 687
771 29 237 771
771 30 368 642
771 31 316 685
771 32 303 696
771 33 288 711
771 34 241 766
771 35 298 702
771 36 383 622
771 37 324 687
771 38 322 674
771 39 257 747
771 40 374 635
771 41 253 753
771 42 323 678
771 43 395 605
771 44 346 660
771 45 239 763
771 46 278 728
771 47 304 705
771 48 313 687
771 49 314 688
771 50 316 685
776 0 0 0
776 1 0 0
776 2 0 0
776 3 0 0
776 4 19 328
776 5 25 471
776 6 35 617
776 7 96 636
776 8 149 567
776 9 127 636
776 10 122 707
776 11 147 793
776 12 203 803
776 13 173 807
776 14 183 817
776 15 199 773
776 16 150 844
776 17 235 768
776 18 222 770
776 19 175 832
776 20 233 778
776 21 163 845
776 22 189 814
776 23 256 745
776 24 295 708
776 25 295 711
776 26 211 779
776 27 167 837
776 28 146 854
776 29 176 829
776 30 261 747
776 31 160 849
776 32 171 821
776 33 179 826
776 34 278 728
776 35 199 806
776 36 182 825
776 37 125 872
776 38 166 838
776 39 219 782
776 40 314 697
776 41 260 738
776 42 231 769
776 43 178 820
776 44 233 771
776 45 183 819
776 46 253 753
776 47 245 750
776 48 239 765
776 49 269 740
776 50 169 832
781 0 0 0
781 1 0 0
781 2 0 0
781 3 49 824
781 4 36 912
781 5 0 0
781 6 35 961
781 7 58 939
781 8 62 945
781 9 68 937
781 10 37 971
781 11 84 918
781 12 109 900
781 13 90 920
781 14 94 912
781 15 99 907
781 16 164 842
781 17 143 860
781 18 123 886
781 19 95 917
781 20 129 875
781 21 79 919
781 22 117 885
781 23 117 888
781 24 65 937
781 25 198 808
781 26 139 864
781 27 104 905
781 28 84 919
781 29 102 904
781 30 133 876
781 31 89 912
781 32 140 873
781 33 132 872
781 34 130 875
781 35 134 867
781 36 124 883
781 37 116 886
781 38 110 900
781 39 104 905
781 40 154 854
781 41 147 848
781 42 240 768
781 43 115 898
781 44 116 885
781 45 190 807
781 46 252 737
781 47 116 890
781 48 125 889
781 49 154 850
781 50 121 883
786 0 0 0
786 1 0 0
786 2 0 0
786 3 50 952
786 4 43 951
786 5 14 988
786 6 39 966
786 7 41 960
786 8 38 967
786 9 56 943
786 10 32 967
786 11 48 962
786 12 59 947
786 13 45 962
786 14 65 938
786 15 61 941
786 16 60 952
786 17 92 913
786 18 88 922
786 19 50 956
786 20 106 898
786 21 65 943
786 22 109 893
786 23 91 912
786 24 92 919
786 25 91 913
786 26 70 930
786 27 83 923
786 28 79 924
786 29 78 930
786 30 127 877
786 31 93 911
786 32 69 941
786 33 105 900
786 34 92 909
786 35 56 951
786 36 106 902
786 37 80 924
786 38 109 904
786 39 81 922
786 40 81 921
786 41 89 922
786 42 83 924
786 43 89 917
786 44 76 918
786 45 123 885
786 46 69 931
786 47 101 903
786 48 111 888
786 49 95 907
786 50 125 882
791 0 0 0
791 1 0 0
791 2 0 0
791 3 0 0
791 4 57 953
791 5 52 952
791 6 42 966
791 7 61 939
791 8 50 949
791 9 74 926
791 10 60 952
791 11 37 969
791 12 70 934
791 13 53 953
791 14 67 940
791 15 44 949
791 16 75 937
791 17 37 967
791 18 60 946
791 19 71 934
791 20 66 937
791 21 75 927
791 22 76 928
791 23 71 931
791 24 73 937
791 25 52 953
791 26 76 927
791 27 82 919
791 28 68 938
791 29 57 955
791 30 98 901
791 31 82 926
791 32 63 940
791 33 61 947
791 34 51 945
791 35 83 927
791 36 78 923
791 37 62 944
791 38 85 918
791 39 69 927
791 40 105 904
791 41 88 903
791 42 80 922
791 43 60 942
791 44 71 934
791 45 73 935
791 46 54 950
791 47 65 939
791 48 62 946
791 49 84 920
791 50 62 933
796 0 0 0
796 1 0 0
796 2 0 0
796 3 0 0
796 4 0 0
796 5 39 967
796 6 45 960
796 7 54 950
796 8 34 971
796 9 25 984
796 10 56 946
796 11 51 947
796 12 60 943
796 13 70 933
796 14 64 941
796 15 49 960
796 16 68 944
796 17 74 933
796 18 67 940
796 19 58 937
796 20 92 913
796 21 82 925
796 22 74 927
796 23 68 942
796 24 77 930
796 25 116 893
796 26 67 934
796 27 68 932
796 28 74 933
796 29 71 930
796 30 68 935
796 31 59 949
796 32 77 930
796 33 67 943
796 34 71 932
796 35 82 930
796 36 84 918
796 37 65 942
796 38 49 950
796 39 72 939
796 40 83 914
796 41 77 924
796 42 91 918
796 43 68 937
796 44 71 927
796 45 58 946
796 46 64 944
796 47 77 922
796 48 63 945
796 49 63 945
796 50 69 936
